1 1351344791
2 245766765
3 169573002
4 136511599
5 106833312
6 79963776
7 56430442
8 37814524
9 24067255
10 15269655
11 9684973
12 6480176
13 4480087
14 3293342
15 2545663
16 2055254
17 1672892
18 1424935
19 1226851
20 1094823
21 976029
22 872576
23 791151
24 730302
25 674859
26 629055
27 594551
28 559266
29 536589
30 517380
31 493367
32 482996
33 475292
34 470796
35 472817
36 474910
37 485220
38 498644
39 514949
40 527962
41 556006
42 597550
43 637277
44 698809
45 757771
46 834980
47 910228
48 1007780
49 1123878
50 1255758
51 1399041
52 1568627
53 1752144
54 1941515
55 2155124
56 2372009
57 2620875
58 2888704
59 3150750
60 3417838
61 3696975
62 3973807
63 4245156
64 4491854
65 4744981
66 4976600
67 5174887
68 5353368
69 5493187
70 5614421
71 5705598
72 5738593
73 5725385
74 5671237
75 5567141
76 5433425
77 5272262
78 5075288
79 4847980
80 4621941
81 4362042
82 4097636
83 3820562
84 3541691
85 3257428
86 2978335
87 2728345
88 2474113
89 2234246
90 1998532
91 1778704
92 1578805
93 1403193
94 1256204
95 1120382
96 1005938
97 898581
98 820699
99 752633
100 703448
101 671370
102 645167
103 629540
104 630382
105 640722
106 661351
107 686933
108 713859
109 749242
110 788475
111 831969
112 879533
113 935288
114 989439
115 1058737
116 1112636
117 1175214
118 1243186
119 1312747
120 1396169
121 1471084
122 1548580
123 1620449
124 1707594
125 1805825
126 1900277
127 1991251
128 2076980
129 2173996
130 2260300
131 2348211
132 2428882
133 2506322
134 2586645
135 2665550
136 2737165
137 2820623
138 2896207
139 2974437
140 3038744
141 3098168
142 3149507
143 3189748
144 3228310
145 3273738
146 3289661
147 3306864
148 3303414
149 3306232
150 3295943
151 3265932
152 3228980
153 3200843
154 3157195
155 3111364
156 3043463
157 2969489
158 2894628
159 2815407
160 2728025
161 2634362
162 2538374
163 2442672
164 2339074
165 2249377
166 2136868
167 2034642
168 1937880
169 1837752
170 1736530
171 1631719
172 1536231
173 1440698
174 1351545
175 1261660
176 1164241
177 1079035
178 994546
179 920856
180 848688
181 782175
182 725437
183 670062
184 614197
185 565708
186 519887
187 476891
188 443132
189 411093
190 381441
191 352614
192 327222
193 300785
194 278641
195 261418
196 242620
197 228958
198 213874
199 203339
200 193243
201 188494
202 183201
203 177277
204 172783
205 166933
206 167078
207 164501
208 161820
209 162245
210 159360
211 158366
212 158066
213 158253
214 157093
215 156872
216 156645
217 158310
218 158818
219 160195
220 159883
221 159226
222 157384
223 157400
224 155548
225 156588
226 155779
227 155467
228 152967
229 150596
230 150252
231 147861
232 142683
233 141052
234 138411
235 135128
236 132692
237 132254
238 128321
239 125906
240 120874
241 117845
242 116289
243 113167
244 110212
245 107896
246 105802
247 101230
248 97895
249 95931
250 93933
251 89485
252 89316
253 86816
254 84844
255 82579
256 81153
257 80027
258 78804
259 76231
260 74857
261 74258
262 74571
263 72560
264 72409
265 73205
266 70847
267 69622
268 69291
269 67903
270 67646
271 68131
272 68500
273 68111
274 68839
275 69871
276 69820
277 69379
278 68296
279 69054
280 70001
281 70694
282 69938
283 69163
284 70610
285 70122
286 70834
287 70159
288 71118
289 71313
290 73139
291 71782
292 73235
293 72919
294 73813
295 74022
296 72942
297 72830
298 72071
299 72755
300 71984
301 71769
302 72705
303 72565
304 71942
305 71879
306 71045
307 71403
308 70356
309 70236
310 69131
311 68236
312 66515
313 66023
314 65787
315 64634
316 62893
317 61531
318 60344
319 59295
320 59644
321 58698
322 57392
323 55150
324 54592
325 52964
326 52867
327 51850
328 51638
329 50011
330 48894
331 48262
332 48086
333 48240
334 46057
335 44402
336 44588
337 43754
338 42396
339 41871
340 41098
341 41699
342 40864
343 39898
344 39179
345 37900
346 37822
347 36893
348 36733
349 36697
350 35827
351 35455
352 35061
353 33886
354 33910
355 33993
356 34226
357 34125
358 34250
359 34746
360 34271
361 34143
362 34579
363 33904
364 33831
365 33289
366 33173
367 32982
368 32642
369 32416
370 32523
371 32195
372 32094
373 31353
374 31863
375 32589
376 31856
377 31946
378 32031
379 31172
380 31840
381 32262
382 31809
383 31250
384 30997
385 31343
386 30664
387 30700
388 29860
389 29417
390 29810
391 29870
392 29018
393 28843
394 28347
395 28789
396 28047
397 27928
398 27397
399 27073
400 26966
401 26904
402 27450
403 27397
404 26796
405 26147
406 25722
407 24996
408 25075
409 24894
410 24832
411 23479
412 23538
413 22836
414 22857
415 22732
416 22911
417 22513
418 22673
419 22044
420 22108
421 22514
422 22041
423 21555
424 21579
425 21604
426 21711
427 21262
428 21018
429 20816
430 20597
431 20827
432 20189
433 19817
434 19982
435 20372
436 19987
437 20158
438 19960
439 19931
440 19460
441 19545
442 20572
443 19949
444 20043
445 19941
446 19520
447 19805
448 19727
449 19809
450 19452
451 19749
452 19236
453 18710
454 18986
455 18641
456 18723
457 19188
458 18656
459 18710
460 18337
461 18023
462 18455
463 18023
464 18224
465 17889
466 17855
467 18195
468 18088
469 17828
470 17424
471 17240
472 16853
473 16326
474 16154
475 16214
476 16082
477 16319
478 16044
479 15991
480 15733
481 15645
482 15200
483 14802
484 15244
485 15314
486 15486
487 15356
488 14943
489 14614
490 14588
491 14398
492 14443
493 14459
494 14687
495 14583
496 14661
497 14472
498 13955
499 13627
500 13993
501 13922
502 13594
503 13484
504 13522
505 13215
506 12666
507 12987
508 12726
509 12841
510 12995
511 12790
512 12832
513 12779
514 12900
515 12500
516 12583
517 12468
518 12340
519 12607
520 12752
521 12669
522 12245
523 12148
524 12244
525 11985
526 11899
527 12119
528 11991
529 11790
530 11721
531 11518
532 11397
533 11812
534 11730
535 11487
536 11394
537 10971
538 11004
539 10877
540 11041
541 11017
542 10857
543 10941
544 11033
545 10775
546 10864
547 10912
548 10603
549 10756
550 10596
551 10643
552 10443
553 10720
554 10404
555 10239
556 10169
557 10188
558 10024
559 10085
560 10033
561 9736
562 10012
563 10102
564 10006
565 9839
566 9788
567 9828
568 9870
569 9788
570 9607
571 9448
572 9627
573 9635
574 9628
575 9632
576 9588
577 9455
578 9304
579 9329
580 9060
581 8896
582 8945
583 8825
584 8647
585 8865
586 8621
587 8414
588 8350
589 8391
590 8551
591 8501
592 8511
593 8568
594 8575
595 8498
596 8427
597 8356
598 8069
599 8235
600 8116
601 7988
602 7962
603 7869
604 7784
605 7678
606 7475
607 7644
608 7612
609 7671
610 8020
611 7953
612 7968
613 7572
614 7594
615 7474
616 7675
617 7415
618 7576
619 7392
620 7368
621 7387
622 7416
623 7527
624 7363
625 7015
626 7063
627 7178
628 7509
629 7361
630 6978
631 7156
632 7092
633 7094
634 7129
635 6994
636 6889
637 7006
638 6946
639 6894
640 6913
641 7041
642 7025
643 6891
644 7061
645 6906
646 6645
647 6828
648 6870
649 6896
650 6518
651 6795
652 6676
653 6391
654 6465
655 6376
656 6471
657 6040
658 6271
659 6463
660 6030
661 6016
662 6058
663 6067
664 6242
665 6169
666 5894
667 5761
668 5883
669 5898
670 5735
671 5820
672 5689
673 5649
674 5626
675 5586
676 5485
677 5593
678 5484
679 5201
680 5277
681 5470
682 5398
683 5551
684 5406
685 5159
686 5231
687 5497
688 5485
689 5200
690 5190
691 5411
692 5146
693 5332
694 5266
695 5298
696 5241
697 5043
698 5061
699 5150
700 5044
701 4826
702 4731
703 4859
704 4790
705 4888
706 4734
707 5080
708 4871
709 4766
710 4831
711 4853
712 4955
713 4980
714 4888
715 4806
716 4800
717 4723
718 4590
719 4527
720 4557
721 4624
722 4517
723 4487
724 4601
725 4684
726 4607
727 4788
728 4651
729 4657
730 4572
731 4682
732 4576
733 4730
734 4780
735 4430
736 4538
737 4662
738 4561
739 4458
740 4448
741 4294
742 4236
743 4401
744 4383
745 4449
746 4434
747 4349
748 4272
749 4329
750 4129
751 4198
752 4088
753 4197
754 4286
755 4221
756 4021
757 3940
758 3946
759 4044
760 3991
761 4010
762 3974
763 3799
764 3829
765 3953
766 3959
767 4091
768 3993
769 4108
770 3932
771 3894
772 3944
773 3822
774 3876
775 4083
776 3769
777 3810
778 3836
779 3673
780 3677
781 3719
782 3770
783 3719
784 3784
785 3946
786 3742
787 3593
788 3652
789 3640
790 3548
791 3711
792 3811
793 3751
794 3769
795 3842
796 3748
797 3611
798 3754
799 3707
800 3637
801 3764
802 3760
803 3585
804 3697
805 3711
806 3626
807 3581
808 3506
809 3481
810 3498
811 3436
812 3494
813 3439
814 3440
815 3500
816 3406
817 3476
818 3443
819 3468
820 3592
821 3508
822 3514
823 3588
824 3559
825 3513
826 3458
827 3378
828 3230
829 3370
830 3439
831 3275
832 3343
833 3327
834 3336
835 3207
836 3295
837 3223
838 3203
839 3318
840 3126
841 3310
842 3088
843 3200
844 3093
845 3125
846 3035
847 3169
848 3123
849 3116
850 3121
851 3108
852 3145
853 3102
854 3039
855 3157
856 3140
857 3144
858 3070
859 2955
860 3078
861 3007
862 3029
863 3007
864 2979
865 2987
866 3042
867 2998
868 2980
869 3033
870 3146
871 3074
872 3064
873 3062
874 3156
875 2986
876 3074
877 2988
878 2958
879 2879
880 2917
881 2943
882 2988
883 2920
884 2923
885 2893
886 2869
887 2849
888 2858
889 2922
890 2898
891 2895
892 2915
893 3043
894 3078
895 2962
896 2932
897 2729
898 2840
899 2872
900 2703
901 2908
902 2705
903 2792
904 2713
905 2508
906 2714
907 2629
908 2673
909 2649
910 2700
911 2761
912 2516
913 2665
914 2589
915 2743
916 2743
917 2707
918 2688
919 2794
920 2655
921 2637
922 2688
923 2650
924 2622
925 2651
926 2691
927 2696
928 2686
929 2688
930 2690
931 2498
932 2535
933 2613
934 2502
935 2480
936 2532
937 2498
938 2568
939 2575
940 2480
941 2458
942 2485
943 2394
944 2375
945 2425
946 2466
947 2363
948 2395
949 2349
950 2479
951 2428
952 2374
953 2310
954 2355
955 2266
956 2457
957 2354
958 2279
959 2287
960 2284
961 2316
962 2319
963 2317
964 2276
965 2221
966 2269
967 2281
968 2186
969 2275
970 2309
971 2148
972 2158
973 2160
974 2224
975 2225
976 2212
977 2292
978 2157
979 2087
980 2328
981 2146
982 2211
983 2272
984 2319
985 2291
986 2268
987 2156
988 2196
989 2051
990 2063
991 2098
992 2162
993 2158
994 2136
995 2082
996 2078
997 2104
998 1972
999 2150
1000 2066
1001 2072
1002 2198
1003 2063
1004 2113
1005 2139
1006 2122
1007 2104
1008 2045
1009 2030
1010 2009
1011 1999
1012 1991
1013 2005
1014 1955
1015 2045
1016 2021
1017 1971
1018 2019
1019 1960
1020 2009
1021 2026
1022 1943
1023 1985
1024 2090
1025 2093
1026 2020
1027 2006
1028 1955
1029 2095
1030 2072
1031 1954
1032 2014
1033 2038
1034 2007
1035 2092
1036 2079
1037 2066
1038 2046
1039 1953
1040 1945
1041 1794
1042 1936
1043 1919
1044 1887
1045 1953
1046 1900
1047 1946
1048 1982
1049 1935
1050 1863
1051 1944
1052 1900
1053 1897
1054 1784
1055 1734
1056 1760
1057 1793
1058 1771
1059 1791
1060 1808
1061 1753
1062 1740
1063 1650
1064 1643
1065 1633
1066 1733
1067 1747
1068 1761
1069 1789
1070 1705
1071 1820
1072 1606
1073 1613
1074 1601
1075 1517
1076 1489
1077 1573
1078 1601
1079 1675
1080 1644
1081 1707
1082 1585
1083 1722
1084 1696
1085 1731
1086 1701
1087 1649
1088 1690
1089 1781
1090 1687
1091 1692
1092 1725
1093 1631
1094 1561
1095 1515
1096 1575
1097 1569
1098 1547
1099 1563
1100 1651
1101 1589
1102 1556
1103 1574
1104 1500
1105 1560
1106 1462
1107 1552
1108 1612
1109 1598
1110 1607
1111 1648
1112 1682
1113 1620
1114 1575
1115 1546
1116 1526
1117 1351
1118 1434
1119 1415
1120 1473
1121 1536
1122 1622
1123 1439
1124 1364
1125 1542
1126 1440
1127 1467
1128 1404
1129 1462
1130 1444
1131 1414
1132 1364
1133 1336
1134 1322
1135 1329
1136 1453
1137 1500
1138 1362
1139 1434
1140 1408
1141 1510
1142 1493
1143 1529
1144 1461
1145 1515
1146 1425
1147 1448
1148 1450
1149 1350
1150 1480
1151 1457
1152 1477
1153 1489
1154 1374
1155 1374
1156 1400
1157 1377
1158 1394
1159 1383
1160 1382
1161 1419
1162 1414
1163 1450
1164 1355
1165 1437
1166 1428
1167 1437
1168 1505
1169 1448
1170 1391
1171 1391
1172 1365
1173 1276
1174 1288
1175 1397
1176 1346
1177 1366
1178 1303
1179 1330
1180 1279
1181 1293
1182 1262
1183 1195
1184 1349
1185 1325
1186 1337
1187 1317
1188 1306
1189 1327
1190 1342
1191 1442
1192 1463
1193 1346
1194 1436
1195 1415
1196 1382
1197 1285
1198 1260
1199 1239
1200 1252
1201 1231
1202 1343
1203 1277
1204 1302
1205 1348
1206 1349
1207 1353
1208 1401
1209 1354
1210 1265
1211 1243
1212 1242
1213 1254
1214 1298
1215 1224
1216 1147
1217 1227
1218 1275
1219 1225
1220 1244
1221 1201
1222 1284
1223 1246
1224 1140
1225 1201
1226 1228
1227 1226
1228 1217
1229 1175
1230 1305
1231 1230
1232 1228
1233 1274
1234 1217
1235 1212
1236 1188
1237 1205
1238 1148
1239 1226
1240 1262
1241 1124
1242 1237
1243 1232
1244 1238
1245 1264
1246 1329
1247 1308
1248 1226
1249 1263
1250 1177
1251 1066
1252 1081
1253 1065
1254 1256
1255 1081
1256 1093
1257 1004
1258 1040
1259 1086
1260 1112
1261 1129
1262 1121
1263 1130
1264 1080
1265 1061
1266 1085
1267 1099
1268 1012
1269 1021
1270 949
1271 999
1272 1041
1273 974
1274 1044
1275 1086
1276 1057
1277 1027
1278 1048
1279 1055
1280 1083
1281 1034
1282 1078
1283 1020
1284 1045
1285 1030
1286 1020
1287 1093
1288 982
1289 1000
1290 1007
1291 957
1292 977
1293 955
1294 991
1295 1034
1296 1080
1297 1010
1298 967
1299 1070
1300 1006
1301 990
1302 1039
1303 1068
1304 1039
1305 985
1306 1025
1307 984
1308 1033
1309 931
1310 991
1311 951
1312 1047
1313 985
1314 925
1315 898
1316 1015
1317 893
1318 988
1319 910
1320 992
1321 939
1322 974
1323 937
1324 985
1325 960
1326 897
1327 916
1328 917
1329 958
1330 994
1331 999
1332 963
1333 928
1334 968
1335 908
1336 930
1337 936
1338 942
1339 969
1340 962
1341 917
1342 995
1343 934
1344 932
1345 904
1346 1004
1347 989
1348 926
1349 995
1350 1052
1351 943
1352 964
1353 1004
1354 981
1355 969
1356 957
1357 928
1358 923
1359 944
1360 922
1361 966
1362 930
1363 1022
1364 1033
1365 976
1366 1003
1367 996
1368 958
1369 924
1370 1012
1371 894
1372 913
1373 919
1374 902
1375 965
1376 1041
1377 946
1378 971
1379 941
1380 971
1381 977
1382 989
1383 1005
1384 949
1385 965
1386 986
1387 944
1388 900
1389 871
1390 884
1391 898
1392 856
1393 949
1394 953
1395 890
1396 859
1397 892
1398 915
1399 911
1400 836
1401 903
1402 953
1403 899
1404 853
1405 840
1406 869
1407 862
1408 898
1409 899
1410 918
1411 865
1412 880
1413 901
1414 933
1415 916
1416 913
1417 914
1418 967
1419 884
1420 875
1421 878
1422 901
1423 929
1424 986
1425 945
1426 938
1427 927
1428 882
1429 991
1430 956
1431 884
1432 872
1433 918
1434 884
1435 895
1436 894
1437 889
1438 948
1439 889
1440 880
1441 826
1442 846
1443 916
1444 875
1445 885
1446 853
1447 882
1448 796
1449 849
1450 875
1451 861
1452 835
1453 867
1454 859
1455 897
1456 903
1457 920
1458 959
1459 883
1460 917
1461 900
1462 906
1463 886
1464 909
1465 897
1466 848
1467 872
1468 833
1469 806
1470 780
1471 755
1472 749
1473 708
1474 690
1475 776
1476 794
1477 744
1478 749
1479 803
1480 743
1481 805
1482 799
1483 726
1484 706
1485 728
1486 699
1487 695
1488 722
1489 762
1490 745
1491 777
1492 755
1493 745
1494 808
1495 728
1496 741
1497 764
1498 785
1499 778
1500 790
1501 818
1502 790
1503 793
1504 780
1505 836
1506 807
1507 807
1508 795
1509 745
1510 772
1511 802
1512 744
1513 797
1514 807
1515 739
1516 745
1517 745
1518 771
1519 721
1520 701
1521 710
1522 739
1523 762
1524 724
1525 737
1526 713
1527 750
1528 755
1529 834
1530 841
1531 855
1532 827
1533 841
1534 748
1535 784
1536 707
1537 734
1538 740
1539 708
1540 722
1541 727
1542 746
1543 707
1544 716
1545 783
1546 782
1547 733
1548 802
1549 776
1550 724
1551 681
1552 726
1553 710
1554 720
1555 669
1556 682
1557 721
1558 700
1559 681
1560 732
1561 725
1562 658
1563 706
1564 605
1565 699
1566 713
1567 703
1568 714
1569 746
1570 762
1571 736
1572 759
1573 679
1574 714
1575 715
1576 701
1577 657
1578 645
1579 638
1580 681
1581 640
1582 670
1583 652
1584 687
1585 665
1586 677
1587 644
1588 708
1589 704
1590 698
1591 692
1592 686
1593 681
1594 675
1595 737
1596 726
1597 650
1598 641
1599 679
1600 661
1601 630
1602 668
1603 644
1604 645
1605 651
1606 614
1607 636
1608 649
1609 691
1610 648
1611 632
1612 629
1613 676
1614 648
1615 638
1616 702
1617 620
1618 573
1619 673
1620 620
1621 643
1622 611
1623 682
1624 685
1625 713
1626 701
1627 699
1628 640
1629 602
1630 630
1631 574
1632 599
1633 619
1634 589
1635 639
1636 653
1637 631
1638 674
1639 632
1640 569
1641 597
1642 580
1643 650
1644 633
1645 588
1646 560
1647 598
1648 540
1649 606
1650 571
1651 633
1652 639
1653 648
1654 614
1655 554
1656 595
1657 627
1658 615
1659 590
1660 552
1661 533
1662 560
1663 575
1664 559
1665 574
1666 560
1667 577
1668 558
1669 578
1670 577
1671 572
1672 559
1673 591
1674 596
1675 592
1676 576
1677 575
1678 596
1679 548
1680 582
1681 592
1682 548
1683 547
1684 521
1685 549
1686 526
1687 563
1688 559
1689 583
1690 580
1691 537
1692 588
1693 544
1694 562
1695 545
1696 611
1697 542
1698 525
1699 524
1700 537
1701 519
1702 534
1703 555
1704 565
1705 564
1706 599
1707 596
1708 575
1709 581
1710 561
1711 548
1712 543
1713 579
1714 522
1715 570
1716 607
1717 578
1718 534
1719 488
1720 554
1721 530
1722 548
1723 565
1724 534
1725 507
1726 512
1727 502
1728 498
1729 467
1730 497
1731 498
1732 480
1733 522
1734 480
1735 501
1736 478
1737 469
1738 512
1739 517
1740 529
1741 515
1742 535
1743 546
1744 473
1745 541
1746 524
1747 532
1748 503
1749 455
1750 454
1751 460
1752 468
1753 443
1754 479
1755 521
1756 511
1757 550
1758 581
1759 531
1760 533
1761 512
1762 550
1763 528
1764 559
1765 530
1766 533
1767 521
1768 527
1769 549
1770 573
1771 500
1772 553
1773 511
1774 521
1775 503
1776 533
1777 498
1778 472
1779 561
1780 491
1781 522
1782 545
1783 486
1784 526
1785 524
1786 569
1787 567
1788 565
1789 543
1790 519
1791 514
1792 510
1793 494
1794 506
1795 495
1796 468
1797 481
1798 502
1799 462
1800 471
1801 529
1802 511
1803 468
1804 486
1805 510
1806 489
1807 468
1808 508
1809 502
1810 513
1811 529
1812 469
1813 457
1814 471
1815 462
1816 454
1817 463
1818 478
1819 481
1820 480
1821 464
1822 474
1823 461
1824 513
1825 458
1826 481
1827 468
1828 503
1829 483
1830 482
1831 476
1832 478
1833 509
1834 499
1835 433
1836 473
1837 485
1838 461
1839 461
1840 402
1841 414
1842 421
1843 464
1844 474
1845 471
1846 447
1847 393
1848 421
1849 452
1850 476
1851 486
1852 495
1853 508
1854 459
1855 490
1856 529
1857 449
1858 487
1859 473
1860 476
1861 488
1862 493
1863 473
1864 454
1865 473
1866 493
1867 444
1868 459
1869 449
1870 454
1871 420
1872 434
1873 460
1874 475
1875 506
1876 435
1877 462
1878 431
1879 446
1880 441
1881 482
1882 474
1883 463
1884 413
1885 437
1886 465
1887 442
1888 458
1889 437
1890 452
1891 445
1892 423
1893 406
1894 436
1895 425
1896 418
1897 417
1898 384
1899 431
1900 454
1901 493
1902 473
1903 472
1904 455
1905 450
1906 475
1907 515
1908 495
1909 487
1910 444
1911 423
1912 410
1913 460
1914 465
1915 477
1916 486
1917 467
1918 462
1919 458
1920 480
1921 500
1922 462
1923 433
1924 440
1925 445
1926 463
1927 420
1928 458
1929 444
1930 477
1931 468
1932 489
1933 431
1934 472
1935 443
1936 503
1937 531
1938 478
1939 504
1940 508
1941 484
1942 476
1943 488
1944 513
1945 505
1946 480
1947 443
1948 482
1949 457
1950 449
1951 399
1952 413
1953 422
1954 378
1955 461
1956 407
1957 453
1958 407
1959 448
1960 401
1961 437
1962 466
1963 462
1964 503
1965 477
1966 495
1967 503
1968 491
1969 492
1970 487
1971 468
1972 456
1973 446
1974 485
1975 487
1976 455
1977 460
1978 475
1979 488
1980 502
1981 494
1982 460
1983 461
1984 432
1985 421
1986 476
1987 472
1988 442
1989 493
1990 403
1991 410
1992 425
1993 447
1994 459
1995 455
1996 441
1997 442
1998 448
1999 445
2000 440
2001 478
2002 416
2003 437
2004 413
2005 421
2006 427
2007 420
2008 454
2009 395
2010 407
2011 431
2012 386
2013 412
2014 463
2015 416
2016 444
2017 396
2018 400
2019 443
2020 385
2021 385
2022 435
2023 416
2024 385
2025 358
2026 414
2027 438
2028 434
2029 433
2030 391
2031 405
2032 430
2033 440
2034 405
2035 387
2036 409
2037 436
2038 403
2039 451
2040 406
2041 413
2042 430
2043 468
2044 453
2045 437
2046 465
2047 423
2048 450
2049 468
2050 408
2051 389
2052 386
2053 411
2054 427
2055 416
2056 388
2057 379
2058 422
2059 362
2060 375
2061 385
2062 381
2063 355
2064 398
2065 423
2066 391
2067 383
2068 352
2069 360
2070 367
2071 350
2072 405
2073 379
2074 404
2075 432
2076 407
2077 425
2078 399
2079 394
2080 431
2081 422
2082 375
2083 355
2084 421
2085 360
2086 366
2087 349
2088 363
2089 360
2090 368
2091 377
2092 382
2093 379
2094 380
2095 349
2096 375
2097 357
2098 347
2099 337
2100 330
2101 360
2102 303
2103 337
2104 346
2105 312
2106 381
2107 324
2108 303
2109 332
2110 346
2111 353
2112 348
2113 329
2114 388
2115 345
2116 378
2117 340
2118 389
2119 415
2120 373
2121 347
2122 392
2123 377
2124 349
2125 330
2126 313
2127 370
2128 340
2129 347
2130 362
2131 330
2132 334
2133 326
2134 329
2135 314
2136 301
2137 322
2138 324
2139 352
2140 329
2141 328
2142 342
2143 326
2144 349
2145 334
2146 364
2147 323
2148 342
2149 320
2150 359
2151 369
2152 353
2153 340
2154 337
2155 361
2156 327
2157 311
2158 370
2159 305
2160 317
2161 328
2162 332
2163 302
2164 337
2165 358
2166 359
2167 311
2168 326
2169 337
2170 331
2171 302
2172 309
2173 355
2174 306
2175 322
2176 308
2177 299
2178 327
2179 330
2180 307
2181 297
2182 297
2183 308
2184 304
2185 340
2186 293
2187 331
2188 308
2189 291
2190 311
2191 298
2192 311
2193 288
2194 334
2195 313
2196 343
2197 345
2198 316
2199 310
2200 309
2201 293
2202 304
2203 292
2204 288
2205 279
2206 273
2207 325
2208 302
2209 312
2210 300
2211 285
2212 277
2213 299
2214 278
2215 234
2216 267
2217 234
2218 263
2219 263
2220 263
2221 261
2222 292
2223 247
2224 321
2225 308
2226 312
2227 344
2228 285
2229 326
2230 291
2231 269
2232 270
2233 262
2234 283
2235 267
2236 260
2237 267
2238 278
2239 307
2240 272
2241 304
2242 253
2243 289
2244 255
2245 265
2246 318
2247 286
2248 314
2249 313
2250 284
2251 300
2252 295
2253 268
2254 254
2255 308
2256 298
2257 311
2258 295
2259 280
2260 269
2261 298
2262 265
2263 230
2264 242
2265 274
2266 281
2267 291
2268 278
2269 279
2270 334
2271 307
2272 322
2273 354
2274 293
2275 324
2276 327
2277 291
2278 271
2279 320
2280 290
2281 318
2282 301
2283 312
2284 303
2285 299
2286 303
2287 308
2288 290
2289 296
2290 326
2291 295
2292 304
2293 297
2294 324
2295 302
2296 304
2297 317
2298 314
2299 314
2300 329
2301 324
2302 383
2303 357
2304 337
2305 351
2306 334
2307 335
2308 341
2309 349
2310 350
2311 310
2312 324
2313 361
2314 346
2315 363
2316 350
2317 344
2318 307
2319 315
2320 309
2321 316
2322 307
2323 319
2324 341
2325 330
2326 356
2327 332
2328 327
2329 316
2330 329
2331 308
2332 310
2333 304
2334 350
2335 300
2336 296
2337 318
2338 298
2339 313
2340 317
2341 344
2342 366
2343 374
2344 330
2345 331
2346 337
2347 336
2348 313
2349 334
2350 308
2351 337
2352 292
2353 307
2354 281
2355 272
2356 245
2357 300
2358 234
2359 289
2360 281
2361 277
2362 316
2363 306
2364 303
2365 306
2366 287
2367 261
2368 272
2369 308
2370 286
2371 252
2372 282
2373 303
2374 301
2375 293
2376 288
2377 279
2378 292
2379 297
2380 271
2381 298
2382 291
2383 320
2384 303
2385 295
2386 307
2387 280
2388 303
2389 256
2390 279
2391 238
2392 265
2393 275
2394 269
2395 293
2396 231
2397 279
2398 268
2399 247
2400 265
2401 266
2402 266
2403 296
2404 257
2405 244
2406 249
2407 234
2408 258
2409 242
2410 237
2411 273
2412 287
2413 248
2414 294
2415 267
2416 269
2417 254
2418 240
2419 281
2420 285
2421 276
2422 262
2423 264
2424 225
2425 264
2426 249
2427 225
2428 227
2429 234
2430 232
2431 256
2432 228
2433 280
2434 262
2435 267
2436 295
2437 300
2438 306
2439 268
2440 284
2441 266
2442 289
2443 276
2444 229
2445 229
2446 256
2447 244
2448 259
2449 250
2450 275
2451 263
2452 268
2453 279
2454 235
2455 250
2456 240
2457 219
2458 241
2459 273
2460 237
2461 276
2462 272
2463 278
2464 244
2465 268
2466 261
2467 260
2468 260
2469 277
2470 289
2471 279
2472 262
2473 237
2474 220
2475 219
2476 255
2477 235
2478 244
2479 243
2480 252
2481 239
2482 240
2483 245
2484 230
2485 229
2486 239
2487 246
2488 242
2489 256
2490 260
2491 268
2492 226
2493 243
2494 254
2495 274
2496 282
2497 290
2498 274
2499 286
2500 286
2501 274
2502 224
2503 249
2504 248
2505 236
2506 253
2507 261
2508 276
2509 246
2510 277
2511 246
2512 251
2513 250
2514 233
2515 229
2516 247
2517 249
2518 255
2519 265
2520 231
2521 210
2522 236
2523 267
2524 243
2525 285
2526 256
2527 251
2528 246
2529 230
2530 245
2531 248
2532 265
2533 282
2534 260
2535 272
2536 252
2537 243
2538 222
2539 235
2540 211
2541 223
2542 223
2543 234
2544 205
2545 210
2546 177
2547 216
2548 178
2549 203
2550 217
2551 215
2552 224
2553 212
2554 190
2555 216
2556 205
2557 217
2558 225
2559 212
2560 253
2561 205
2562 215
2563 239
2564 222
2565 200
2566 199
2567 175
2568 209
2569 209
2570 220
2571 242
2572 209
2573 232
2574 206
2575 216
2576 200
2577 239
2578 229
2579 209
2580 211
2581 218
2582 193
2583 201
2584 222
2585 199
2586 175
2587 215
2588 209
2589 211
2590 194
2591 219
2592 223
2593 212
2594 225
2595 216
2596 220
2597 249
2598 193
2599 219
2600 206
2601 243
2602 223
2603 227
2604 234
2605 208
2606 224
2607 234
2608 201
2609 204
2610 219
2611 214
2612 202
2613 203
2614 208
2615 195
2616 190
2617 208
2618 214
2619 201
2620 217
2621 218
2622 202
2623 204
2624 220
2625 244
2626 208
2627 200
2628 209
2629 222
2630 224
2631 237
2632 206
2633 202
2634 208
2635 223
2636 224
2637 220
2638 222
2639 193
2640 225
2641 224
2642 225
2643 208
2644 244
2645 207
2646 212
2647 200
2648 202
2649 206
2650 181
2651 219
2652 201
2653 220
2654 250
2655 241
2656 220
2657 178
2658 181
2659 180
2660 192
2661 194
2662 235
2663 204
2664 190
2665 228
2666 209
2667 212
2668 203
2669 229
2670 202
2671 220
2672 225
2673 213
2674 197
2675 191
2676 170
2677 218
2678 198
2679 201
2680 211
2681 198
2682 198
2683 169
2684 196
2685 167
2686 183
2687 186
2688 198
2689 187
2690 197
2691 178
2692 190
2693 222
2694 198
2695 220
2696 197
2697 211
2698 261
2699 212
2700 241
2701 222
2702 250
2703 210
2704 217
2705 232
2706 193
2707 214
2708 183
2709 183
2710 207
2711 225
2712 207
2713 223
2714 244
2715 192
2716 214
2717 194
2718 193
2719 193
2720 194
2721 179
2722 179
2723 181
2724 189
2725 202
2726 189
2727 215
2728 189
2729 189
2730 182
2731 206
2732 168
2733 199
2734 222
2735 169
2736 190
2737 206
2738 177
2739 185
2740 177
2741 193
2742 153
2743 214
2744 199
2745 174
2746 193
2747 191
2748 218
2749 162
2750 168
2751 186
2752 179
2753 187
2754 186
2755 168
2756 188
2757 197
2758 154
2759 165
2760 162
2761 171
2762 150
2763 136
2764 162
2765 200
2766 162
2767 166
2768 170
2769 185
2770 163
2771 162
2772 178
2773 174
2774 206
2775 178
2776 170
2777 183
2778 161
2779 189
2780 184
2781 198
2782 175
2783 183
2784 193
2785 186
2786 192
2787 191
2788 210
2789 177
2790 215
2791 186
2792 150
2793 184
2794 175
2795 165
2796 165
2797 186
2798 153
2799 174
2800 173
2801 156
2802 145
2803 140
2804 147
2805 150
2806 136
2807 155
2808 143
2809 164
2810 141
2811 149
2812 149
2813 144
2814 147
2815 167
2816 136
2817 148
2818 139
2819 167
2820 139
2821 151
2822 135
2823 156
2824 132
2825 137
2826 154
2827 127
2828 139
2829 139
2830 134
2831 138
2832 139
2833 143
2834 131
2835 134
2836 154
2837 135
2838 134
2839 135
2840 167
2841 136
2842 147
2843 155
2844 118
2845 142
2846 163
2847 142
2848 148
2849 137
2850 182
2851 157
2852 152
2853 147
2854 139
2855 133
2856 141
2857 141
2858 160
2859 157
2860 160
2861 163
2862 159
2863 162
2864 161
2865 157
2866 144
2867 151
2868 148
2869 132
2870 130
2871 141
2872 133
2873 136
2874 140
2875 149
2876 138
2877 143
2878 154
2879 169
2880 125
2881 133
2882 147
2883 144
2884 145
2885 133
2886 123
2887 138
2888 133
2889 144
2890 137
2891 120
2892 134
2893 127
2894 159
2895 158
2896 157
2897 149
2898 139
2899 127
2900 166
2901 140
2902 144
2903 127
2904 142
2905 175
2906 147
2907 125
2908 177
2909 125
2910 135
2911 159
2912 146
2913 165
2914 119
2915 154
2916 170
2917 152
2918 145
2919 173
2920 156
2921 161
2922 163
2923 160
2924 160
2925 129
2926 157
2927 154
2928 153
2929 145
2930 143
2931 166
2932 155
2933 144
2934 131
2935 123
2936 133
2937 132
2938 144
2939 140
2940 123
2941 140
2942 129
2943 154
2944 169
2945 142
2946 168
2947 119
2948 151
2949 144
2950 132
2951 130
2952 142
2953 140
2954 123
2955 135
2956 125
2957 115
2958 123
2959 140
2960 127
2961 137
2962 157
2963 121
2964 147
2965 121
2966 151
2967 132
2968 138
2969 133
2970 143
2971 152
2972 136
2973 166
2974 139
2975 164
2976 158
2977 147
2978 149
2979 123
2980 156
2981 149
2982 124
2983 132
2984 141
2985 151
2986 130
2987 141
2988 134
2989 120
2990 159
2991 113
2992 158
2993 144
2994 133
2995 112
2996 145
2997 122
2998 133
2999 132
3000 148
3001 126
3002 129
3003 140
3004 137
3005 152
3006 117
3007 130
3008 130
3009 140
3010 121
3011 110
3012 131
3013 137
3014 105
3015 134
3016 148
3017 167
3018 125
3019 148
3020 122
3021 131
3022 126
3023 148
3024 130
3025 113
3026 133
3027 147
3028 143
3029 129
3030 131
3031 137
3032 111
3033 108
3034 114
3035 121
3036 143
3037 160
3038 131
3039 133
3040 138
3041 134
3042 138
3043 133
3044 111
3045 123
3046 126
3047 114
3048 128
3049 124
3050 117
3051 116
3052 117
3053 124
3054 127
3055 133
3056 114
3057 108
3058 113
3059 110
3060 112
3061 97
3062 111
3063 111
3064 109
3065 120
3066 124
3067 142
3068 129
3069 138
3070 129
3071 134
3072 151
3073 128
3074 127
3075 123
3076 121
3077 122
3078 113
3079 129
3080 111
3081 131
3082 127
3083 139
3084 127
3085 141
3086 130
3087 135
3088 129
3089 111
3090 110
3091 115
3092 132
3093 119
3094 105
3095 161
3096 143
3097 133
3098 124
3099 140
3100 120
3101 119
3102 140
3103 155
3104 124
3105 143
3106 150
3107 149
3108 135
3109 156
3110 147
3111 140
3112 131
3113 141
3114 153
3115 165
3116 143
3117 138
3118 153
3119 137
3120 151
3121 148
3122 142
3123 127
3124 134
3125 127
3126 131
3127 138
3128 127
3129 135
3130 134
3131 124
3132 138
3133 107
3134 119
3135 139
3136 119
3137 135
3138 131
3139 105
3140 104
3141 126
3142 133
3143 130
3144 141
3145 141
3146 135
3147 136
3148 144
3149 137
3150 136
3151 138
3152 124
3153 106
3154 127
3155 135
3156 139
3157 141
3158 165
3159 167
3160 154
3161 153
3162 138
3163 127
3164 135
3165 129
3166 134
3167 124
3168 138
3169 124
3170 116
3171 132
3172 116
3173 114
3174 132
3175 119
3176 113
3177 126
3178 134
3179 109
3180 120
3181 125
3182 142
3183 111
3184 139
3185 136
3186 95
3187 113
3188 146
3189 137
3190 111
3191 136
3192 124
3193 132
3194 119
3195 120
3196 157
3197 135
3198 152
3199 125
3200 124
3201 124
3202 124
3203 131
3204 128
3205 138
3206 113
3207 103
3208 106
3209 107
3210 127
3211 98
3212 139
3213 118
3214 103
3215 116
3216 132
3217 118
3218 114
3219 110
3220 109
3221 133
3222 143
3223 112
3224 114
3225 116
3226 102
3227 133
3228 112
3229 91
3230 121
3231 134
3232 132
3233 124
3234 113
3235 124
3236 118
3237 118
3238 134
3239 101
3240 116
3241 117
3242 124
3243 134
3244 128
3245 128
3246 131
3247 135
3248 112
3249 102
3250 124
3251 128
3252 130
3253 103
3254 88
3255 120
3256 151
3257 154
3258 118
3259 126
3260 134
3261 137
3262 115
3263 129
3264 97
3265 108
3266 109
3267 137
3268 106
3269 105
3270 98
3271 103
3272 129
3273 110
3274 111
3275 118
3276 128
3277 110
3278 121
3279 126
3280 103
3281 108
3282 100
3283 89
3284 113
3285 102
3286 98
3287 83
3288 103
3289 99
3290 138
3291 118
3292 120
3293 121
3294 104
3295 102
3296 106
3297 108
3298 123
3299 91
3300 97
3301 101
3302 88
3303 96
3304 124
3305 117
3306 112
3307 110
3308 129
3309 106
3310 121
3311 116
3312 119
3313 128
3314 110
3315 131
3316 115
3317 108
3318 127
3319 134
3320 94
3321 109
3322 108
3323 125
3324 88
3325 112
3326 132
3327 128
3328 121
3329 126
3330 134
3331 123
3332 130
3333 129
3334 117
3335 116
3336 111
3337 129
3338 112
3339 104
3340 98
3341 110
3342 101
3343 117
3344 117
3345 114
3346 150
3347 123
3348 108
3349 108
3350 118
3351 95
3352 119
3353 113
3354 112
3355 130
3356 135
3357 101
3358 113
3359 105
3360 90
3361 85
3362 127
3363 97
3364 106
3365 95
3366 117
3367 133
3368 117
3369 114
3370 112
3371 117
3372 126
3373 116
3374 115
3375 109
3376 121
3377 122
3378 116
3379 97
3380 100
3381 112
3382 108
3383 106
3384 100
3385 102
3386 109
3387 111
3388 116
3389 113
3390 112
3391 130
3392 109
3393 99
3394 100
3395 111
3396 117
3397 85
3398 113
3399 102
3400 132
3401 99
3402 105
3403 113
3404 110
3405 114
3406 98
3407 93
3408 108
3409 105
3410 84
3411 100
3412 100
3413 115
3414 101
3415 112
3416 125
3417 95
3418 101
3419 102
3420 101
3421 116
3422 129
3423 115
3424 115
3425 110
3426 95
3427 94
3428 90
3429 115
3430 95
3431 95
3432 96
3433 99
3434 105
3435 80
3436 106
3437 98
3438 107
3439 118
3440 99
3441 101
3442 89
3443 108
3444 106
3445 82
3446 92
3447 91
3448 98
3449 110
3450 98
3451 102
3452 97
3453 91
3454 94
3455 99
3456 97
3457 89
3458 105
3459 104
3460 90
3461 102
3462 93
3463 80
3464 87
3465 93
3466 97
3467 98
3468 92
3469 85
3470 86
3471 80
3472 105
3473 86
3474 94
3475 104
3476 96
3477 100
3478 98
3479 94
3480 113
3481 107
3482 104
3483 99
3484 112
3485 106
3486 102
3487 91
3488 99
3489 86
3490 101
3491 90
3492 75
3493 95
3494 103
3495 107
3496 90
3497 83
3498 81
3499 86
3500 66
3501 76
3502 70
3503 93
3504 78
3505 92
3506 91
3507 101
3508 83
3509 97
3510 91
3511 87
3512 88
3513 92
3514 94
3515 111
3516 100
3517 100
3518 112
3519 92
3520 72
3521 91
3522 75
3523 95
3524 82
3525 74
3526 92
3527 88
3528 86
3529 111
3530 87
3531 101
3532 96
3533 103
3534 77
3535 81
3536 90
3537 72
3538 83
3539 100
3540 83
3541 87
3542 85
3543 79
3544 77
3545 80
3546 99
3547 81
3548 75
3549 71
3550 86
3551 73
3552 83
3553 89
3554 86
3555 94
3556 90
3557 94
3558 87
3559 80
3560 80
3561 76
3562 98
3563 84
3564 88
3565 89
3566 110
3567 100
3568 84
3569 96
3570 73
3571 67
3572 53
3573 79
3574 76
3575 71
3576 94
3577 72
3578 82
3579 64
3580 77
3581 74
3582 71
3583 64
3584 70
3585 84
3586 90
3587 83
3588 77
3589 70
3590 62
3591 82
3592 65
3593 69
3594 64
3595 69
3596 65
3597 73
3598 75
3599 72
3600 67
3601 90
3602 77
3603 92
3604 70
3605 95
3606 88
3607 87
3608 98
3609 86
3610 83
3611 93
3612 97
3613 95
3614 82
3615 69
3616 72
3617 86
3618 83
3619 80
3620 77
3621 77
3622 82
3623 74
3624 77
3625 77
3626 82
3627 79
3628 72
3629 62
3630 94
3631 63
3632 68
3633 83
3634 65
3635 81
3636 61
3637 86
3638 65
3639 65
3640 64
3641 70
3642 65
3643 66
3644 85
3645 83
3646 64
3647 91
3648 66
3649 72
3650 82
3651 89
3652 73
3653 83
3654 72
3655 72
3656 62
3657 78
3658 76
3659 90
3660 66
3661 85
3662 82
3663 66
3664 77
3665 79
3666 74
3667 64
3668 93
3669 67
3670 86
3671 64
3672 40
3673 70
3674 65
3675 73
3676 63
3677 63
3678 51
3679 55
3680 69
3681 72
3682 60
3683 55
3684 58
3685 73
3686 66
3687 64
3688 51
3689 67
3690 71
3691 69
3692 57
3693 54
3694 78
3695 64
3696 65
3697 76
3698 66
3699 63
3700 58
3701 72
3702 59
3703 81
3704 67
3705 57
3706 68
3707 65
3708 62
3709 63
3710 57
3711 84
3712 76
3713 57
3714 68
3715 65
3716 64
3717 81
3718 80
3719 58
3720 61
3721 60
3722 70
3723 58
3724 70
3725 66
3726 46
3727 68
3728 59
3729 52
3730 55
3731 70
3732 77
3733 86
3734 70
3735 65
3736 77
3737 85
3738 61
3739 58
3740 61
3741 64
3742 67
3743 66
3744 71
3745 75
3746 62
3747 70
3748 68
3749 64
3750 47
3751 61
3752 62
3753 80
3754 93
3755 68
3756 69
3757 56
3758 60
3759 69
3760 66
3761 71
3762 59
3763 75
3764 77
3765 57
3766 82
3767 75
3768 69
3769 58
3770 69
3771 58
3772 61
3773 64
3774 57
3775 74
3776 77
3777 71
3778 86
3779 87
3780 82
3781 72
3782 79
3783 78
3784 81
3785 70
3786 80
3787 68
3788 78
3789 83
3790 78
3791 77
3792 76
3793 64
3794 83
3795 78
3796 69
3797 65
3798 74
3799 59
3800 61
3801 68
3802 62
3803 77
3804 76
3805 88
3806 66
3807 57
3808 74
3809 80
3810 72
3811 89
3812 82
3813 87
3814 96
3815 73
3816 73
3817 78
3818 73
3819 98
3820 86
3821 60
3822 105
3823 75
3824 100
3825 80
3826 76
3827 80
3828 69
3829 81
3830 80
3831 90
3832 93
3833 77
3834 64
3835 90
3836 85
3837 91
3838 89
3839 95
3840 78
3841 75
3842 74
3843 85
3844 76
3845 73
3846 98
3847 92
3848 78
3849 95
3850 85
3851 104
3852 82
3853 85
3854 77
3855 80
3856 90
3857 83
3858 86
3859 81
3860 72
3861 80
3862 73
3863 64
3864 85
3865 82
3866 79
3867 77
3868 67
3869 69
3870 83
3871 75
3872 61
3873 85
3874 80
3875 75
3876 73
3877 86
3878 91
3879 86
3880 97
3881 91
3882 97
3883 78
3884 88
3885 79
3886 88
3887 79
3888 84
3889 88
3890 83
3891 89
3892 97
3893 80
3894 77
3895 78
3896 82
3897 78
3898 91
3899 95
3900 67
3901 63
3902 64
3903 64
3904 80
3905 81
3906 73
3907 71
3908 79
3909 79
3910 93
3911 103
3912 89
3913 84
3914 80
3915 88
3916 82
3917 64
3918 90
3919 69
3920 78
3921 86
3922 74
3923 58
3924 71
3925 70
3926 94
3927 81
3928 69
3929 78
3930 91
3931 89
3932 85
3933 91
3934 66
3935 76
3936 74
3937 69
3938 80
3939 74
3940 84
3941 77
3942 70
3943 81
3944 77
3945 76
3946 83
3947 63
3948 81
3949 79
3950 80
3951 85
3952 68
3953 68
3954 94
3955 66
3956 51
3957 75
3958 68
3959 66
3960 77
3961 67
3962 69
3963 77
3964 57
3965 65
3966 75
3967 77
3968 69
3969 83
3970 79
3971 75
3972 74
3973 75
3974 76
3975 74
3976 69
3977 86
3978 82
3979 74
3980 71
3981 78
3982 91
3983 87
3984 78
3985 85
3986 90
3987 86
3988 77
3989 100
3990 86
3991 108
3992 77
3993 80
3994 75
3995 59
3996 65
3997 77
3998 80
3999 72
4000 78
4001 64
4002 78
4003 68
4004 64
4005 81
4006 61
4007 59
4008 58
4009 75
4010 65
4011 66
4012 73
4013 76
4014 69
4015 65
4016 64
4017 60
4018 71
4019 48
4020 70
4021 53
4022 57
4023 70
4024 81
4025 62
4026 70
4027 73
4028 73
4029 80
4030 91
4031 66
4032 69
4033 76
4034 58
4035 74
4036 76
4037 69
4038 68
4039 69
4040 68
4041 77
4042 71
4043 69
4044 58
4045 53
4046 62
4047 57
4048 75
4049 67
4050 63
4051 60
4052 66
4053 54
4054 68
4055 78
4056 54
4057 64
4058 46
4059 59
4060 49
4061 71
4062 66
4063 68
4064 51
4065 60
4066 69
4067 58
4068 58
4069 57
4070 51
4071 53
4072 66
4073 61
4074 61
4075 59
4076 58
4077 57
4078 58
4079 70
4080 47
4081 54
4082 53
4083 50
4084 48
4085 49
4086 64
4087 59
4088 67
4089 67
4090 43
4091 61
4092 54
4093 57
4094 61
4095 69
4096 60
4097 68
4098 65
4099 58
4100 64
4101 84
4102 58
4103 54
4104 59
4105 58
4106 59
4107 58
4108 53
4109 63
4110 74
4111 77
4112 62
4113 53
4114 59
4115 46
4116 47
4117 51
4118 44
4119 55
4120 55
4121 76
4122 66
4123 49
4124 48
4125 60
4126 59
4127 58
4128 63
4129 47
4130 61
4131 51
4132 66
4133 63
4134 59
4135 68
4136 62
4137 55
4138 51
4139 49
4140 54
4141 56
4142 52
4143 54
4144 43
4145 55
4146 43
4147 61
4148 54
4149 59
4150 60
4151 53
4152 58
4153 52
4154 61
4155 45
4156 65
4157 62
4158 55
4159 57
4160 73
4161 51
4162 65
4163 67
4164 56
4165 60
4166 54
4167 43
4168 53
4169 31
4170 46
4171 56
4172 52
4173 50
4174 52
4175 54
4176 64
4177 44
4178 54
4179 56
4180 57
4181 55
4182 51
4183 65
4184 45
4185 54
4186 71
4187 53
4188 49
4189 67
4190 64
4191 66
4192 66
4193 72
4194 56
4195 58
4196 65
4197 53
4198 57
4199 56
4200 56
4201 72
4202 70
4203 59
4204 67
4205 60
4206 65
4207 66
4208 59
4209 51
4210 71
4211 57
4212 42
4213 46
4214 68
4215 60
4216 50
4217 63
4218 45
4219 42
4220 41
4221 42
4222 58
4223 51
4224 57
4225 68
4226 45
4227 43
4228 60
4229 54
4230 51
4231 74
4232 56
4233 55
4234 57
4235 57
4236 51
4237 46
4238 55
4239 57
4240 43
4241 53
4242 40
4243 57
4244 58
4245 57
4246 44
4247 57
4248 57
4249 57
4250 59
4251 53
4252 48
4253 70
4254 49
4255 54
4256 52
4257 55
4258 58
4259 67
4260 51
4261 75
4262 61
4263 79
4264 65
4265 61
4266 66
4267 65
4268 75
4269 59
4270 61
4271 64
4272 70
4273 48
4274 51
4275 73
4276 55
4277 73
4278 65
4279 68
4280 55
4281 52
4282 57
4283 46
4284 52
4285 59
4286 58
4287 46
4288 56
4289 55
4290 54
4291 62
4292 37
4293 63
4294 52
4295 67
4296 48
4297 59
4298 51
4299 50
4300 55
4301 60
4302 62
4303 68
4304 71
4305 61
4306 60
4307 35
4308 57
4309 57
4310 51
4311 48
4312 59
4313 59
4314 33
4315 54
4316 52
4317 59
4318 47
4319 51
4320 52
4321 39
4322 53
4323 47
4324 49
4325 39
4326 57
4327 51
4328 39
4329 45
4330 36
4331 39
4332 36
4333 45
4334 51
4335 52
4336 55
4337 49
4338 42
4339 42
4340 45
4341 41
4342 58
4343 40
4344 40
4345 52
4346 41
4347 37
4348 64
4349 39
4350 33
4351 62
4352 44
4353 39
4354 49
4355 43
4356 49
4357 38
4358 41
4359 46
4360 54
4361 40
4362 60
4363 50
4364 43
4365 38
4366 45
4367 43
4368 39
4369 35
4370 38
4371 36
4372 47
4373 52
4374 47
4375 53
4376 69
4377 46
4378 56
4379 42
4380 47
4381 39
4382 42
4383 43
4384 39
4385 43
4386 42
4387 39
4388 51
4389 48
4390 37
4391 36
4392 46
4393 39
4394 57
4395 54
4396 60
4397 50
4398 51
4399 37
4400 50
4401 49
4402 43
4403 44
4404 58
4405 39
4406 48
4407 56
4408 51
4409 55
4410 45
4411 45
4412 68
4413 56
4414 52
4415 63
4416 52
4417 66
4418 43
4419 68
4420 49
4421 61
4422 55
4423 60
4424 68
4425 57
4426 59
4427 54
4428 60
4429 50
4430 50
4431 64
4432 76
4433 68
4434 55
4435 56
4436 44
4437 54
4438 74
4439 62
4440 55
4441 50
4442 56
4443 50
4444 55
4445 40
4446 54
4447 53
4448 54
4449 51
4450 69
4451 46
4452 48
4453 52
4454 54
4455 56
4456 60
4457 56
4458 49
4459 59
4460 52
4461 38
4462 47
4463 65
4464 48
4465 47
4466 52
4467 50
4468 52
4469 45
4470 48
4471 47
4472 53
4473 49
4474 85
4475 70
4476 74
4477 54
4478 69
4479 78
4480 84
4481 82
4482 80
4483 69
4484 60
4485 68
4486 66
4487 75
4488 72
4489 62
4490 77
4491 89
4492 80
4493 78
4494 56
4495 79
4496 81
4497 65
4498 65
4499 69
4500 63
4501 71
4502 69
4503 61
4504 73
4505 74
4506 61
4507 69
4508 69
4509 70
4510 74
4511 76
4512 68
4513 63
4514 62
4515 58
4516 55
4517 59
4518 51
4519 57
4520 57
4521 58
4522 46
4523 50
4524 45
4525 44
4526 37
4527 54
4528 40
4529 61
4530 38
4531 44
4532 48
4533 51
4534 47
4535 46
4536 44
4537 58
4538 59
4539 58
4540 44
4541 46
4542 35
4543 37
4544 53
4545 50
4546 39
4547 51
4548 62
4549 45
4550 49
4551 49
4552 40
4553 40
4554 43
4555 27
4556 44
4557 44
4558 30
4559 36
4560 34
4561 38
4562 38
4563 48
4564 45
4565 38
4566 42
4567 37
4568 41
4569 45
4570 47
4571 50
4572 53
4573 44
4574 49
4575 52
4576 29
4577 49
4578 33
4579 31
4580 37
4581 31
4582 45
4583 45
4584 40
4585 39
4586 39
4587 40
4588 40
4589 38
4590 33
4591 31
4592 34
4593 40
4594 37
4595 40
4596 34
4597 40
4598 40
4599 37
4600 31
4601 34
4602 45
4603 34
4604 42
4605 40
4606 39
4607 44
4608 36
4609 34
4610 40
4611 36
4612 43
4613 38
4614 36
4615 34
4616 42
4617 32
4618 43
4619 40
4620 37
4621 42
4622 47
4623 42
4624 44
4625 39
4626 42
4627 42
4628 31
4629 44
4630 29
4631 44
4632 36
4633 45
4634 41
4635 41
4636 47
4637 37
4638 35
4639 39
4640 32
4641 49
4642 29
4643 36
4644 45
4645 36
4646 55
4647 41
4648 38
4649 48
4650 39
4651 36
4652 35
4653 43
4654 36
4655 39
4656 44
4657 38
4658 51
4659 47
4660 48
4661 37
4662 33
4663 32
4664 31
4665 40
4666 36
4667 33
4668 35
4669 37
4670 37
4671 33
4672 42
4673 38
4674 34
4675 36
4676 40
4677 34
4678 41
4679 31
4680 35
4681 30
4682 32
4683 31
4684 43
4685 44
4686 35
4687 39
4688 38
4689 40
4690 35
4691 32
4692 42
4693 37
4694 32
4695 23
4696 36
4697 31
4698 32
4699 48
4700 38
4701 40
4702 39
4703 36
4704 49
4705 37
4706 42
4707 29
4708 47
4709 34
4710 27
4711 34
4712 33
4713 35
4714 32
4715 27
4716 31
4717 30
4718 32
4719 36
4720 34
4721 47
4722 37
4723 50
4724 44
4725 44
4726 41
4727 42
4728 44
4729 42
4730 42
4731 36
4732 50
4733 49
4734 40
4735 40
4736 41
4737 45
4738 42
4739 39
4740 29
4741 37
4742 37
4743 39
4744 29
4745 34
4746 46
4747 37
4748 36
4749 33
4750 21
4751 35
4752 37
4753 30
4754 44
4755 41
4756 31
4757 31
4758 35
4759 37
4760 36
4761 30
4762 33
4763 29
4764 30
4765 33
4766 38
4767 33
4768 28
4769 29
4770 38
4771 40
4772 46
4773 36
4774 41
4775 29
4776 35
4777 43
4778 42
4779 45
4780 35
4781 42
4782 45
4783 42
4784 52
4785 59
4786 71
4787 50
4788 62
4789 56
4790 58
4791 60
4792 51
4793 53
4794 80
4795 77
4796 61
4797 56
4798 68
4799 52
4800 54
4801 50
4802 59
4803 61
4804 54
4805 69
4806 46
4807 53
4808 57
4809 48
4810 54
4811 42
4812 52
4813 57
4814 61
4815 44
4816 46
4817 60
4818 37
4819 27
4820 52
4821 41
4822 35
4823 49
4824 53
4825 38
4826 50
4827 47
4828 37
4829 42
4830 44
4831 44
4832 52
4833 45
4834 37
4835 49
4836 44
4837 51
4838 42
4839 36
4840 36
4841 46
4842 37
4843 40
4844 31
4845 36
4846 25
4847 43
4848 35
4849 52
4850 43
4851 32
4852 53
4853 58
4854 47
4855 40
4856 39
4857 41
4858 36
4859 49
4860 45
4861 39
4862 40
4863 43
4864 51
4865 52
4866 38
4867 30
4868 35
4869 33
4870 43
4871 57
4872 44
4873 45
4874 59
4875 54
4876 39
4877 44
4878 49
4879 49
4880 43
4881 51
4882 53
4883 44
4884 47
4885 43
4886 49
4887 40
4888 55
4889 44
4890 43
4891 41
4892 32
4893 49
4894 38
4895 31
4896 35
4897 39
4898 58
4899 43
4900 45
4901 59
4902 51
4903 59
4904 68
4905 34
4906 60
4907 47
4908 65
4909 47
4910 56
4911 60
4912 46
4913 49
4914 56
4915 65
4916 42
4917 41
4918 39
4919 47
4920 41
4921 61
4922 54
4923 60
4924 46
4925 50
4926 41
4927 52
4928 43
4929 41
4930 36
4931 48
4932 35
4933 43
4934 44
4935 33
4936 42
4937 32
4938 43
4939 48
4940 35
4941 39
4942 37
4943 46
4944 46
4945 37
4946 46
4947 43
4948 36
4949 41
4950 36
4951 39
4952 38
4953 34
4954 40
4955 49
4956 40
4957 38
4958 42
4959 37
4960 32
4961 28
4962 34
4963 49
4964 40
4965 43
4966 59
4967 45
4968 40
4969 43
4970 37
4971 32
4972 36
4973 31
4974 32
4975 32
4976 38
4977 24
4978 31
4979 23
4980 31
4981 28
4982 36
4983 25
4984 29
4985 23
4986 31
4987 30
4988 29
4989 38
4990 33
4991 41
4992 41
4993 28
4994 36
4995 33
4996 41
4997 31
4998 36
4999 27
5000 32
5001 33
5002 38
5003 24
5004 28
5005 28
5006 27
5007 28
5008 21
5009 21
5010 20
5011 26
5012 28
5013 19
5014 32
5015 29
5016 30
5017 34
5018 25
5019 18
5020 36
5021 29
5022 35
5023 25
5024 23
5025 22
5026 24
5027 23
5028 30
5029 28
5030 29
5031 24
5032 25
5033 33
5034 27
5035 23
5036 24
5037 28
5038 28
5039 25
5040 28
5041 28
5042 25
5043 30
5044 26
5045 36
5046 39
5047 39
5048 29
5049 25
5050 40
5051 30
5052 34
5053 31
5054 20
5055 30
5056 34
5057 32
5058 34
5059 33
5060 35
5061 33
5062 37
5063 24
5064 29
5065 31
5066 22
5067 34
5068 25
5069 30
5070 28
5071 23
5072 33
5073 27
5074 42
5075 32
5076 31
5077 30
5078 43
5079 43
5080 43
5081 33
5082 29
5083 35
5084 34
5085 31
5086 32
5087 23
5088 21
5089 21
5090 35
5091 27
5092 20
5093 34
5094 25
5095 28
5096 32
5097 29
5098 23
5099 35
5100 31
5101 37
5102 29
5103 19
5104 29
5105 22
5106 30
5107 24
5108 24
5109 34
5110 29
5111 31
5112 30
5113 35
5114 37
5115 35
5116 24
5117 29
5118 44
5119 33
5120 34
5121 29
5122 46
5123 36
5124 45
5125 35
5126 31
5127 32
5128 28
5129 36
5130 27
5131 32
5132 24
5133 36
5134 35
5135 44
5136 30
5137 30
5138 32
5139 28
5140 36
5141 39
5142 36
5143 25
5144 34
5145 20
5146 24
5147 32
5148 32
5149 38
5150 34
5151 27
5152 28
5153 28
5154 29
5155 30
5156 33
5157 35
5158 33
5159 44
5160 33
5161 31
5162 32
5163 36
5164 30
5165 32
5166 22
5167 24
5168 28
5169 28
5170 28
5171 29
5172 34
5173 30
5174 33
5175 40
5176 31
5177 34
5178 32
5179 35
5180 26
5181 47
5182 34
5183 23
5184 21
5185 34
5186 35
5187 30
5188 30
5189 48
5190 41
5191 34
5192 20
5193 29
5194 30
5195 42
5196 32
5197 36
5198 30
5199 32
5200 35
5201 32
5202 35
5203 37
5204 33
5205 31
5206 24
5207 24
5208 26
5209 29
5210 30
5211 29
5212 27
5213 32
5214 34
5215 27
5216 29
5217 20
5218 27
5219 48
5220 39
5221 24
5222 33
5223 32
5224 35
5225 28
5226 33
5227 27
5228 23
5229 28
5230 26
5231 38
5232 25
5233 28
5234 26
5235 27
5236 25
5237 36
5238 31
5239 22
5240 27
5241 42
5242 24
5243 39
5244 28
5245 28
5246 32
5247 23
5248 34
5249 32
5250 32
5251 33
5252 40
5253 39
5254 32
5255 38
5256 21
5257 37
5258 31
5259 22
5260 33
5261 30
5262 27
5263 17
5264 36
5265 32
5266 40
5267 30
5268 21
5269 28
5270 29
5271 33
5272 33
5273 36
5274 24
5275 40
5276 38
5277 41
5278 27
5279 36
5280 28
5281 32
5282 42
5283 30
5284 39
5285 36
5286 39
5287 43
5288 32
5289 38
5290 46
5291 26
5292 31
5293 30
5294 28
5295 24
5296 38
5297 22
5298 24
5299 32
5300 39
5301 27
5302 39
5303 20
5304 23
5305 17
5306 27
5307 32
5308 24
5309 23
5310 26
5311 23
5312 21
5313 32
5314 28
5315 28
5316 19
5317 36
5318 31
5319 17
5320 24
5321 12
5322 23
5323 32
5324 22
5325 33
5326 23
5327 29
5328 30
5329 36
5330 33
5331 27
5332 18
5333 23
5334 33
5335 44
5336 28
5337 29
5338 27
5339 31
5340 32
5341 19
5342 30
5343 24
5344 32
5345 29
5346 35
5347 30
5348 33
5349 28
5350 28
5351 24
5352 36
5353 26
5354 33
5355 28
5356 30
5357 26
5358 25
5359 26
5360 23
5361 22
5362 35
5363 21
5364 28
5365 29
5366 34
5367 33
5368 34
5369 21
5370 25
5371 24
5372 32
5373 33
5374 29
5375 25
5376 28
5377 22
5378 28
5379 28
5380 24
5381 22
5382 23
5383 17
5384 23
5385 21
5386 29
5387 30
5388 25
5389 15
5390 30
5391 19
5392 18
5393 29
5394 23
5395 22
5396 20
5397 17
5398 24
5399 31
5400 32
5401 30
5402 28
5403 23
5404 23
5405 30
5406 20
5407 21
5408 27
5409 30
5410 19
5411 11
5412 15
5413 24
5414 20
5415 17
5416 32
5417 25
5418 20
5419 34
5420 18
5421 35
5422 32
5423 30
5424 30
5425 39
5426 25
5427 26
5428 22
5429 30
5430 22
5431 29
5432 20
5433 26
5434 19
5435 27
5436 22
5437 22
5438 31
5439 21
5440 20
5441 21
5442 24
5443 17
5444 25
5445 27
5446 19
5447 22
5448 18
5449 31
5450 14
5451 27
5452 23
5453 24
5454 26
5455 32
5456 30
5457 23
5458 25
5459 40
5460 25
5461 28
5462 36
5463 40
5464 30
5465 39
5466 37
5467 17
5468 31
5469 24
5470 31
5471 34
5472 23
5473 24
5474 23
5475 38
5476 26
5477 28
5478 22
5479 21
5480 29
5481 37
5482 26
5483 28
5484 20
5485 31
5486 30
5487 36
5488 22
5489 31
5490 29
5491 26
5492 32
5493 27
5494 34
5495 32
5496 26
5497 28
5498 30
5499 36
5500 22
5501 33
5502 33
5503 31
5504 19
5505 34
5506 24
5507 21
5508 24
5509 32
5510 29
5511 29
5512 23
5513 19
5514 21
5515 25
5516 32
5517 19
5518 33
5519 17
5520 29
5521 25
5522 16
5523 19
5524 30
5525 25
5526 23
5527 26
5528 20
5529 20
5530 20
5531 23
5532 21
5533 19
5534 19
5535 24
5536 33
5537 17
5538 36
5539 32
5540 22
5541 28
5542 21
5543 26
5544 30
5545 31
5546 29
5547 31
5548 28
5549 23
5550 25
5551 31
5552 30
5553 21
5554 34
5555 24
5556 28
5557 31
5558 21
5559 24
5560 21
5561 31
5562 25
5563 30
5564 29
5565 19
5566 23
5567 26
5568 18
5569 30
5570 22
5571 31
5572 27
5573 21
5574 40
5575 24
5576 22
5577 28
5578 19
5579 22
5580 27
5581 25
5582 25
5583 42
5584 22
5585 16
5586 36
5587 36
5588 34
5589 23
5590 25
5591 23
5592 19
5593 32
5594 26
5595 22
5596 22
5597 25
5598 30
5599 14
5600 10
5601 20
5602 13
5603 15
5604 21
5605 18
5606 21
5607 26
5608 12
5609 19
5610 19
5611 24
5612 23
5613 16
5614 20
5615 10
5616 22
5617 20
5618 21
5619 28
5620 20
5621 23
5622 19
5623 18
5624 33
5625 19
5626 26
5627 15
5628 24
5629 23
5630 15
5631 20
5632 21
5633 6
5634 24
5635 23
5636 23
5637 27
5638 11
5639 21
5640 10
5641 15
5642 19
5643 21
5644 19
5645 13
5646 15
5647 19
5648 20
5649 16
5650 15
5651 20
5652 32
5653 22
5654 16
5655 27
5656 21
5657 29
5658 16
5659 27
5660 20
5661 20
5662 15
5663 14
5664 22
5665 27
5666 22
5667 19
5668 26
5669 23
5670 13
5671 27
5672 21
5673 23
5674 19
5675 17
5676 22
5677 23
5678 17
5679 26
5680 25
5681 19
5682 35
5683 31
5684 30
5685 23
5686 14
5687 22
5688 22
5689 39
5690 19
5691 20
5692 14
5693 27
5694 28
5695 19
5696 17
5697 20
5698 16
5699 25
5700 24
5701 16
5702 23
5703 13
5704 14
5705 13
5706 11
5707 20
5708 11
5709 25
5710 15
5711 15
5712 14
5713 20
5714 12
5715 11
5716 18
5717 13
5718 16
5719 19
5720 12
5721 13
5722 13
5723 22
5724 16
5725 11
5726 17
5727 10
5728 20
5729 22
5730 11
5731 10
5732 21
5733 21
5734 9
5735 19
5736 19
5737 13
5738 18
5739 20
5740 13
5741 6
5742 21
5743 11
5744 21
5745 11
5746 21
5747 17
5748 13
5749 13
5750 11
5751 16
5752 20
5753 15
5754 14
5755 10
5756 15
5757 15
5758 16
5759 25
5760 18
5761 23
5762 22
5763 20
5764 18
5765 16
5766 21
5767 17
5768 19
5769 23
5770 21
5771 23
5772 19
5773 23
5774 18
5775 13
5776 13
5777 23
5778 27
5779 11
5780 8
5781 22
5782 13
5783 14
5784 8
5785 18
5786 9
5787 22
5788 16
5789 9
5790 19
5791 12
5792 23
5793 10
5794 16
5795 15
5796 16
5797 12
5798 15
5799 14
5800 12
5801 13
5802 13
5803 15
5804 11
5805 7
5806 6
5807 20
5808 21
5809 14
5810 13
5811 16
5812 13
5813 21
5814 22
5815 20
5816 18
5817 14
5818 12
5819 12
5820 15
5821 16
5822 15
5823 9
5824 9
5825 14
5826 25
5827 16
5828 9
5829 16
5830 16
5831 21
5832 13
5833 17
5834 18
5835 17
5836 18
5837 11
5838 16
5839 16
5840 25
5841 8
5842 17
5843 17
5844 23
5845 10
5846 19
5847 18
5848 18
5849 11
5850 17
5851 24
5852 15
5853 21
5854 14
5855 14
5856 14
5857 20
5858 26
5859 14
5860 12
5861 14
5862 11
5863 17
5864 18
5865 16
5866 12
5867 14
5868 16
5869 13
5870 18
5871 20
5872 15
5873 16
5874 9
5875 10
5876 15
5877 19
5878 18
5879 16
5880 11
5881 11
5882 15
5883 14
5884 14
5885 18
5886 14
5887 21
5888 23
5889 10
5890 21
5891 21
5892 20
5893 19
5894 14
5895 19
5896 10
5897 9
5898 14
5899 16
5900 13
5901 20
5902 13
5903 21
5904 14
5905 13
5906 18
5907 19
5908 16
5909 20
5910 16
5911 15
5912 10
5913 17
5914 19
5915 17
5916 18
5917 19
5918 15
5919 15
5920 14
5921 20
5922 11
5923 13
5924 15
5925 22
5926 16
5927 14
5928 8
5929 17
5930 17
5931 17
5932 15
5933 25
5934 14
5935 15
5936 17
5937 12
5938 18
5939 21
5940 17
5941 13
5942 12
5943 23
5944 27
5945 19
5946 15
5947 16
5948 17
5949 16
5950 19
5951 14
5952 17
5953 24
5954 20
5955 28
5956 22
5957 18
5958 23
5959 31
5960 13
5961 17
5962 19
5963 18
5964 15
5965 25
5966 11
5967 18
5968 17
5969 9
5970 17
5971 17
5972 15
5973 15
5974 15
5975 18
5976 15
5977 25
5978 16
5979 16
5980 17
5981 17
5982 19
5983 11
5984 20
5985 10
5986 11
5987 20
5988 15
5989 15
5990 18
5991 11
5992 15
5993 23
5994 13
5995 11
5996 16
5997 19
5998 21
5999 18
6000 9
6001 18
6002 19
6003 19
6004 14
6005 16
6006 15
6007 19
6008 19
6009 15
6010 10
6011 9
6012 8
6013 14
6014 10
6015 15
6016 13
6017 9
6018 13
6019 11
6020 11
6021 13
6022 14
6023 19
6024 17
6025 17
6026 18
6027 8
6028 13
6029 8
6030 17
6031 13
6032 20
6033 10
6034 9
6035 10
6036 11
6037 16
6038 12
6039 10
6040 11
6041 16
6042 8
6043 9
6044 12
6045 11
6046 8
6047 17
6048 15
6049 15
6050 16
6051 5
6052 17
6053 20
6054 14
6055 12
6056 19
6057 21
6058 14
6059 19
6060 12
6061 11
6062 13
6063 16
6064 9
6065 19
6066 11
6067 17
6068 19
6069 9
6070 13
6071 15
6072 14
6073 8
6074 19
6075 8
6076 15
6077 10
6078 15
6079 13
6080 10
6081 6
6082 10
6083 15
6084 9
6085 15
6086 13
6087 11
6088 16
6089 12
6090 11
6091 13
6092 16
6093 22
6094 14
6095 10
6096 18
6097 10
6098 19
6099 12
6100 18
6101 23
6102 27
6103 17
6104 13
6105 20
6106 15
6107 20
6108 21
6109 21
6110 16
6111 14
6112 14
6113 19
6114 12
6115 14
6116 17
6117 20
6118 20
6119 12
6120 26
6121 21
6122 24
6123 10
6124 30
6125 21
6126 20
6127 26
6128 19
6129 19
6130 7
6131 15
6132 21
6133 17
6134 13
6135 16
6136 16
6137 13
6138 15
6139 18
6140 9
6141 13
6142 19
6143 13
6144 15
6145 9
6146 19
6147 15
6148 8
6149 11
6150 14
6151 22
6152 20
6153 13
6154 20
6155 13
6156 21
6157 17
6158 19
6159 14
6160 18
6161 20
6162 21
6163 20
6164 19
6165 11
6166 11
6167 11
6168 17
6169 11
6170 10
6171 17
6172 12
6173 18
6174 11
6175 20
6176 13
6177 5
6178 14
6179 20
6180 6
6181 7
6182 15
6183 8
6184 19
6185 14
6186 17
6187 14
6188 7
6189 21
6190 19
6191 13
6192 20
6193 21
6194 18
6195 19
6196 9
6197 14
6198 14
6199 16
6200 18
6201 14
6202 22
6203 11
6204 20
6205 22
6206 12
6207 7
6208 10
6209 15
6210 16
6211 17
6212 13
6213 10
6214 16
6215 10
6216 14
6217 17
6218 14
6219 15
6220 9
6221 12
6222 12
6223 14
6224 14
6225 18
6226 12
6227 14
6228 11
6229 19
6230 10
6231 18
6232 17
6233 13
6234 11
6235 25
6236 11
6237 17
6238 18
6239 8
6240 10
6241 16
6242 16
6243 12
6244 12
6245 22
6246 14
6247 9
6248 11
6249 8
6250 14
6251 13
6252 8
6253 14
6254 7
6255 17
6256 16
6257 13
6258 12
6259 7
6260 13
6261 17
6262 14
6263 13
6264 14
6265 18
6266 17
6267 18
6268 19
6269 11
6270 17
6271 19
6272 19
6273 8
6274 20
6275 11
6276 16
6277 22
6278 11
6279 11
6280 12
6281 11
6282 14
6283 15
6284 17
6285 16
6286 18
6287 13
6288 9
6289 11
6290 13
6291 10
6292 14
6293 19
6294 17
6295 17
6296 14
6297 13
6298 17
6299 10
6300 10
6301 13
6302 11
6303 17
6304 13
6305 11
6306 12
6307 14
6308 12
6309 12
6310 12
6311 13
6312 12
6313 15
6314 10
6315 14
6316 7
6317 8
6318 11
6319 13
6320 16
6321 9
6322 6
6323 13
6324 14
6325 11
6326 11
6327 11
6328 14
6329 9
6330 12
6331 17
6332 6
6333 16
6334 13
6335 6
6336 15
6337 9
6338 8
6339 19
6340 12
6341 7
6342 20
6343 11
6344 20
6345 16
6346 15
6347 12
6348 21
6349 16
6350 8
6351 9
6352 18
6353 12
6354 14
6355 12
6356 12
6357 10
6358 21
6359 8
6360 15
6361 13
6362 11
6363 17
6364 10
6365 14
6366 13
6367 10
6368 8
6369 12
6370 12
6371 15
6372 10
6373 10
6374 14
6375 17
6376 16
6377 13
6378 16
6379 16
6380 11
6381 16
6382 13
6383 12
6384 21
6385 16
6386 17
6387 17
6388 20
6389 13
6390 17
6391 12
6392 11
6393 16
6394 12
6395 13
6396 7
6397 6
6398 12
6399 11
6400 12
6401 16
6402 9
6403 12
6404 13
6405 10
6406 15
6407 15
6408 9
6409 10
6410 13
6411 8
6412 15
6413 18
6414 10
6415 12
6416 17
6417 11
6418 14
6419 12
6420 10
6421 17
6422 8
6423 14
6424 10
6425 15
6426 11
6427 13
6428 25
6429 14
6430 14
6431 12
6432 12
6433 11
6434 11
6435 10
6436 15
6437 14
6438 12
6439 15
6440 11
6441 15
6442 10
6443 10
6444 11
6445 10
6446 7
6447 16
6448 12
6449 6
6450 10
6451 11
6452 14
6453 11
6454 8
6455 13
6456 8
6457 9
6458 14
6459 22
6460 15
6461 12
6462 16
6463 14
6464 21
6465 10
6466 11
6467 12
6468 13
6469 13
6470 16
6471 14
6472 14
6473 12
6474 12
6475 7
6476 9
6477 10
6478 9
6479 13
6480 14
6481 14
6482 6
6483 14
6484 15
6485 12
6486 12
6487 16
6488 11
6489 10
6490 10
6491 15
6492 6
6493 12
6494 20
6495 14
6496 9
6497 13
6498 13
6499 8
6500 7
6501 12
6502 17
6503 9
6504 20
6505 9
6506 12
6507 20
6508 19
6509 11
6510 14
6511 15
6512 21
6513 14
6514 9
6515 19
6516 14
6517 9
6518 12
6519 18
6520 14
6521 15
6522 20
6523 18
6524 20
6525 18
6526 14
6527 12
6528 14
6529 13
6530 12
6531 14
6532 12
6533 12
6534 9
6535 13
6536 19
6537 13
6538 6
6539 14
6540 17
6541 12
6542 14
6543 22
6544 15
6545 15
6546 16
6547 32
6548 9
6549 14
6550 14
6551 18
6552 14
6553 22
6554 6
6555 16
6556 15
6557 15
6558 8
6559 16
6560 17
6561 14
6562 20
6563 11
6564 11
6565 15
6566 18
6567 16
6568 12
6569 16
6570 16
6571 4
6572 9
6573 17
6574 14
6575 10
6576 21
6577 11
6578 11
6579 19
6580 12
6581 15
6582 15
6583 24
6584 13
6585 19
6586 16
6587 15
6588 17
6589 13
6590 8
6591 13
6592 12
6593 9
6594 11
6595 9
6596 7
6597 15
6598 10
6599 15
6600 10
6601 17
6602 7
6603 13
6604 11
6605 17
6606 15
6607 12
6608 5
6609 12
6610 10
6611 12
6612 8
6613 7
6614 8
6615 11
6616 11
6617 5
6618 22
6619 11
6620 10
6621 11
6622 14
6623 4
6624 17
6625 13
6626 14
6627 10
6628 16
6629 10
6630 13
6631 13
6632 15
6633 14
6634 12
6635 13
6636 16
6637 18
6638 5
6639 11
6640 17
6641 11
6642 13
6643 21
6644 12
6645 9
6646 13
6647 8
6648 11
6649 10
6650 16
6651 10
6652 18
6653 12
6654 15
6655 18
6656 12
6657 9
6658 14
6659 14
6660 18
6661 19
6662 16
6663 16
6664 16
6665 16
6666 11
6667 5
6668 12
6669 9
6670 5
6671 11
6672 15
6673 16
6674 9
6675 14
6676 11
6677 9
6678 20
6679 13
6680 12
6681 12
6682 18
6683 20
6684 12
6685 7
6686 15
6687 13
6688 13
6689 11
6690 6
6691 10
6692 11
6693 9
6694 17
6695 7
6696 13
6697 11
6698 11
6699 14
6700 11
6701 8
6702 6
6703 13
6704 12
6705 7
6706 6
6707 12
6708 13
6709 11
6710 9
6711 10
6712 12
6713 10
6714 11
6715 11
6716 13
6717 7
6718 18
6719 8
6720 16
6721 13
6722 11
6723 9
6724 13
6725 10
6726 13
6727 13
6728 7
6729 12
6730 12
6731 12
6732 13
6733 12
6734 15
6735 10
6736 15
6737 10
6738 10
6739 9
6740 13
6741 11
6742 11
6743 15
6744 7
6745 11
6746 16
6747 11
6748 11
6749 12
6750 10
6751 7
6752 15
6753 15
6754 12
6755 10
6756 17
6757 9
6758 11
6759 10
6760 12
6761 10
6762 11
6763 9
6764 10
6765 8
6766 16
6767 13
6768 18
6769 11
6770 14
6771 11
6772 13
6773 11
6774 19
6775 11
6776 15
6777 9
6778 9
6779 12
6780 19
6781 8
6782 11
6783 15
6784 14
6785 12
6786 4
6787 13
6788 6
6789 6
6790 20
6791 15
6792 13
6793 10
6794 7
6795 9
6796 13
6797 15
6798 11
6799 14
6800 11
6801 14
6802 22
6803 14
6804 17
6805 14
6806 8
6807 12
6808 15
6809 15
6810 10
6811 9
6812 13
6813 9
6814 5
6815 13
6816 15
6817 14
6818 12
6819 8
6820 19
6821 13
6822 17
6823 7
6824 22
6825 11
6826 10
6827 14
6828 19
6829 13
6830 15
6831 10
6832 10
6833 19
6834 11
6835 11
6836 18
6837 6
6838 15
6839 7
6840 11
6841 17
6842 17
6843 10
6844 9
6845 12
6846 12
6847 12
6848 12
6849 12
6850 7
6851 18
6852 10
6853 13
6854 13
6855 9
6856 9
6857 11
6858 13
6859 10
6860 12
6861 13
6862 10
6863 8
6864 9
6865 12
6866 14
6867 10
6868 13
6869 13
6870 13
6871 9
6872 8
6873 9
6874 8
6875 8
6876 13
6877 13
6878 5
6879 10
6880 18
6881 11
6882 6
6883 12
6884 9
6885 13
6886 13
6887 14
6888 11
6889 13
6890 8
6891 16
6892 8
6893 5
6894 12
6895 16
6896 12
6897 13
6898 12
6899 9
6900 9
6901 11
6902 18
6903 21
6904 15
6905 15
6906 11
6907 19
6908 20
6909 13
6910 9
6911 11
6912 14
6913 14
6914 12
6915 14
6916 16
6917 9
6918 17
6919 15
6920 6
6921 14
6922 10
6923 14
6924 12
6925 13
6926 13
6927 13
6928 9
6929 9
6930 13
6931 10
6932 8
6933 16
6934 21
6935 14
6936 16
6937 18
6938 19
6939 14
6940 12
6941 14
6942 15
6943 19
6944 21
6945 15
6946 18
6947 12
6948 14
6949 18
6950 13
6951 15
6952 27
6953 19
6954 28
6955 20
6956 19
6957 18
6958 26
6959 16
6960 19
6961 23
6962 18
6963 20
6964 21
6965 18
6966 22
6967 18
6968 17
6969 25
6970 19
6971 19
6972 15
6973 16
6974 10
6975 21
6976 14
6977 18
6978 20
6979 16
6980 17
6981 21
6982 14
6983 15
6984 20
6985 16
6986 19
6987 18
6988 23
6989 20
6990 23
6991 26
6992 16
6993 18
6994 21
6995 16
6996 16
6997 18
6998 17
6999 22
7000 19
7001 13
7002 20
7003 16
7004 21
7005 23
7006 17
7007 24
7008 21
7009 20
7010 15
7011 29
7012 20
7013 22
7014 23
7015 18
7016 21
7017 19
7018 20
7019 20
7020 17
7021 29
7022 15
7023 17
7024 16
7025 9
7026 13
7027 11
7028 16
7029 12
7030 13
7031 9
7032 14
7033 19
7034 23
7035 11
7036 13
7037 12
7038 11
7039 14
7040 14
7041 17
7042 16
7043 19
7044 10
7045 12
7046 9
7047 13
7048 10
7049 13
7050 7
7051 11
7052 8
7053 14
7054 17
7055 18
7056 9
7057 12
7058 16
7059 15
7060 13
7061 9
7062 20
7063 9
7064 12
7065 18
7066 13
7067 13
7068 9
7069 10
7070 10
7071 14
7072 14
7073 16
7074 11
7075 10
7076 18
7077 12
7078 10
7079 12
7080 18
7081 15
7082 18
7083 26
7084 13
7085 17
7086 17
7087 8
7088 15
7089 14
7090 17
7091 24
7092 15
7093 14
7094 14
7095 18
7096 18
7097 12
7098 14
7099 15
7100 6
7101 17
7102 15
7103 7
7104 12
7105 16
7106 7
7107 11
7108 10
7109 15
7110 4
7111 12
7112 15
7113 11
7114 21
7115 23
7116 25
7117 14
7118 12
7119 13
7120 20
7121 10
7122 22
7123 14
7124 16
7125 17
7126 15
7127 26
7128 26
7129 18
7130 17
7131 19
7132 17
7133 16
7134 20
7135 18
7136 21
7137 11
7138 16
7139 11
7140 10
7141 11
7142 17
7143 29
7144 19
7145 20
7146 21
7147 16
7148 17
7149 17
7150 16
7151 20
7152 22
7153 14
7154 27
7155 17
7156 20
7157 16
7158 20
7159 29
7160 23
7161 17
7162 30
7163 18
7164 25
7165 14
7166 14
7167 28
7168 28
7169 29
7170 20
7171 24
7172 23
7173 21
7174 25
7175 22
7176 20
7177 16
7178 19
7179 12
7180 20
7181 22
7182 21
7183 16
7184 16
7185 10
7186 29
7187 17
7188 27
7189 16
7190 23
7191 28
7192 21
7193 24
7194 27
7195 25
7196 22
7197 19
7198 17
7199 21
7200 14
7201 18
7202 10
7203 16
7204 13
7205 13
7206 15
7207 14
7208 19
7209 19
7210 16
7211 8
7212 17
7213 11
7214 17
7215 12
7216 13
7217 16
7218 23
7219 22
7220 15
7221 14
7222 3
7223 19
7224 15
7225 12
7226 14
7227 16
7228 20
7229 14
7230 12
7231 17
7232 18
7233 13
7234 15
7235 13
7236 22
7237 16
7238 21
7239 19
7240 12
7241 17
7242 12
7243 12
7244 14
7245 8
7246 7
7247 14
7248 18
7249 10
7250 13
7251 14
7252 14
7253 16
7254 20
7255 16
7256 19
7257 17
7258 12
7259 14
7260 19
7261 14
7262 11
7263 15
7264 13
7265 17
7266 11
7267 10
7268 9
7269 25
7270 13
7271 16
7272 12
7273 14
7274 8
7275 15
7276 11
7277 12
7278 16
7279 18
7280 20
7281 17
7282 14
7283 19
7284 13
7285 19
7286 10
7287 12
7288 15
7289 13
7290 11
7291 16
7292 19
7293 9
7294 12
7295 10
7296 10
7297 16
7298 14
7299 8
7300 15
7301 13
7302 14
7303 9
7304 13
7305 11
7306 7
7307 11
7308 18
7309 12
7310 19
7311 8
7312 11
7313 8
7314 16
7315 11
7316 11
7317 11
7318 10
7319 12
7320 16
7321 12
7322 12
7323 13
7324 14
7325 7
7326 15
7327 8
7328 9
7329 19
7330 11
7331 16
7332 12
7333 14
7334 7
7335 8
7336 10
7337 11
7338 17
7339 12
7340 12
7341 10
7342 15
7343 12
7344 10
7345 16
7346 12
7347 15
7348 16
7349 15
7350 12
7351 10
7352 14
7353 17
7354 11
7355 26
7356 24
7357 22
7358 12
7359 11
7360 17
7361 13
7362 9
7363 15
7364 11
7365 16
7366 20
7367 18
7368 21
7369 16
7370 17
7371 8
7372 13
7373 19
7374 4
7375 19
7376 17
7377 19
7378 13
7379 16
7380 15
7381 18
7382 13
7383 15
7384 10
7385 12
7386 16
7387 15
7388 10
7389 12
7390 8
7391 10
7392 9
7393 13
7394 16
7395 9
7396 15
7397 17
7398 14
7399 13
7400 20
7401 8
7402 12
7403 12
7404 13
7405 8
7406 11
7407 10
7408 10
7409 14
7410 15
7411 14
7412 14
7413 10
7414 13
7415 10
7416 13
7417 12
7418 14
7419 12
7420 13
7421 14
7422 14
7423 12
7424 16
7425 16
7426 12
7427 11
7428 11
7429 14
7430 17
7431 8
7432 8
7433 10
7434 6
7435 14
7436 11
7437 11
7438 9
7439 11
7440 19
7441 13
7442 10
7443 16
7444 8
7445 16
7446 11
7447 16
7448 6
7449 6
7450 8
7451 11
7452 8
7453 11
7454 13
7455 13
7456 12
7457 19
7458 22
7459 12
7460 18
7461 23
7462 15
7463 23
7464 17
7465 17
7466 12
7467 14
7468 17
7469 16
7470 10
7471 10
7472 14
7473 12
7474 13
7475 10
7476 10
7477 18
7478 15
7479 9
7480 8
7481 18
7482 14
7483 19
7484 14
7485 13
7486 16
7487 16
7488 14
7489 9
7490 18
7491 21
7492 18
7493 26
7494 15
7495 12
7496 15
7497 18
7498 16
7499 12
7500 22
7501 20
7502 13
7503 18
7504 17
7505 16
7506 18
7507 19
7508 19
7509 17
7510 21
7511 15
7512 26
7513 19
7514 25
7515 25
7516 19
7517 22
7518 19
7519 14
7520 24
7521 11
7522 21
7523 16
7524 17
7525 23
7526 25
7527 20
7528 19
7529 21
7530 12
7531 16
7532 25
7533 12
7534 20
7535 19
7536 24
7537 20
7538 19
7539 16
7540 15
7541 10
7542 18
7543 13
7544 13
7545 14
7546 6
7547 13
7548 13
7549 13
7550 13
7551 18
7552 12
7553 11
7554 18
7555 20
7556 13
7557 13
7558 12
7559 16
7560 22
7561 13
7562 17
7563 20
7564 21
7565 21
7566 19
7567 17
7568 11
7569 14
7570 22
7571 16
7572 19
7573 21
7574 25
7575 21
7576 14
7577 18
7578 15
7579 15
7580 19
7581 22
7582 19
7583 17
7584 23
7585 24
7586 11
7587 10
7588 13
7589 14
7590 17
7591 11
7592 11
7593 16
7594 11
7595 8
7596 7
7597 17
7598 14
7599 13
7600 12
7601 11
7602 16
7603 10
7604 13
7605 11
7606 10
7607 16
7608 10
7609 12
7610 14
7611 12
7612 12
7613 13
7614 14
7615 5
7616 6
7617 13
7618 9
7619 10
7620 4
7621 10
7622 4
7623 5
7624 6
7625 5
7626 10
7627 6
7628 11
7629 4
7630 12
7631 13
7632 8
7633 10
7634 4
7635 14
7636 8
7637 6
7638 6
7639 4
7640 11
7641 13
7642 13
7643 10
7644 9
7645 14
7646 12
7647 7
7648 12
7649 10
7650 13
7651 10
7652 13
7653 11
7654 17
7655 16
7656 14
7657 15
7658 14
7659 17
7660 18
7661 18
7662 20
7663 18
7664 15
7665 9
7666 10
7667 14
7668 15
7669 14
7670 16
7671 8
7672 15
7673 14
7674 13
7675 12
7676 13
7677 11
7678 10
7679 10
7680 14
7681 17
7682 13
7683 14
7684 17
7685 15
7686 17
7687 21
7688 9
7689 13
7690 14
7691 12
7692 11
7693 12
7694 8
7695 16
7696 9
7697 17
7698 13
7699 17
7700 18
7701 17
7702 9
7703 20
7704 11
7705 11
7706 12
7707 12
7708 18
7709 18
7710 9
7711 14
7712 11
7713 15
7714 9
7715 12
7716 7
7717 10
7718 6
7719 13
7720 15
7721 12
7722 10
7723 8
7724 11
7725 5
7726 14
7727 7
7728 9
7729 11
7730 10
7731 9
7732 7
7733 17
7734 15
7735 5
7736 10
7737 11
7738 18
7739 11
7740 5
7741 8
7742 11
7743 10
7744 16
7745 4
7746 9
7747 7
7748 13
7749 9
7750 16
7751 11
7752 12
7753 8
7754 12
7755 9
7756 13
7757 7
7758 12
7759 7
7760 8
7761 10
7762 10
7763 11
7764 14
7765 18
7766 7
7767 9
7768 7
7769 9
7770 14
7771 7
7772 8
7773 9
7774 7
7775 12
7776 6
7777 9
7778 10
7779 13
7780 14
7781 19
7782 16
7783 19
7784 10
7785 10
7786 10
7787 15
7788 12
7789 11
7790 10
7791 12
7792 9
7793 11
7794 9
7795 23
7796 13
7797 16
7798 8
7799 9
7800 9
7801 15
7802 16
7803 9
7804 8
7805 15
7806 12
7807 15
7808 18
7809 16
7810 28
7811 13
7812 11
7813 17
7814 19
7815 15
7816 8
7817 12
7818 9
7819 16
7820 14
7821 15
7822 16
7823 13
7824 12
7825 11
7826 15
7827 15
7828 17
7829 12
7830 15
7831 8
7832 9
7833 8
7834 15
7835 19
7836 14
7837 13
7838 19
7839 10
7840 18
7841 11
7842 16
7843 9
7844 15
7845 17
7846 12
7847 19
7848 14
7849 10
7850 18
7851 14
7852 7
7853 14
7854 8
7855 10
7856 18
7857 10
7858 10
7859 11
7860 12
7861 13
7862 11
7863 7
7864 10
7865 14
7866 14
7867 12
7868 17
7869 11
7870 16
7871 8
7872 16
7873 14
7874 15
7875 13
7876 9
7877 18
7878 11
7879 12
7880 13
7881 13
7882 18
7883 16
7884 15
7885 15
7886 15
7887 15
7888 17
7889 16
7890 16
7891 16
7892 14
7893 12
7894 15
7895 22
7896 14
7897 13
7898 18
7899 9
7900 20
7901 10
7902 16
7903 13
7904 15
7905 17
7906 17
7907 15
7908 14
7909 12
7910 14
7911 13
7912 12
7913 14
7914 16
7915 12
7916 15
7917 17
7918 14
7919 24
7920 13
7921 19
7922 23
7923 17
7924 18
7925 18
7926 11
7927 18
7928 15
7929 17
7930 20
7931 30
7932 18
7933 19
7934 15
7935 24
7936 16
7937 28
7938 19
7939 19
7940 32
7941 13
7942 27
7943 31
7944 22
7945 28
7946 26
7947 17
7948 34
7949 23
7950 25
7951 20
7952 21
7953 26
7954 26
7955 30
7956 26
7957 31
7958 30
7959 21
7960 23
7961 20
7962 19
7963 23
7964 22
7965 24
7966 28
7967 19
7968 18
7969 27
7970 27
7971 14
7972 21
7973 21
7974 19
7975 27
7976 23
7977 34
7978 16
7979 24
7980 26
7981 34
7982 20
7983 24
7984 25
7985 23
7986 25
7987 21
7988 19
7989 21
7990 18
7991 19
7992 20
7993 22
7994 27
7995 22
7996 23
7997 24
7998 28
7999 20
8000 22
8001 19
8002 29
8003 15
8004 16
8005 22
8006 16
8007 17
8008 29
8009 16
8010 15
8011 14
8012 9
8013 14
8014 15
8015 16
8016 23
8017 12
8018 20
8019 22
8020 12
8021 14
8022 16
8023 16
8024 13
8025 20
8026 20
8027 14
8028 10
8029 14
8030 23
8031 13
8032 17
8033 14
8034 13
8035 12
8036 8
8037 20
8038 14
8039 15
8040 14
8041 15
8042 18
8043 11
8044 3
8045 11
8046 11
8047 5
8048 9
8049 13
8050 9
8051 7
8052 12
8053 9
8054 12
8055 19
8056 14
8057 23
8058 13
8059 19
8060 16
8061 14
8062 11
8063 12
8064 18
8065 16
8066 20
8067 20
8068 16
8069 8
8070 16
8071 14
8072 13
8073 18
8074 20
8075 11
8076 10
8077 13
8078 20
8079 16
8080 14
8081 30
8082 8
8083 12
8084 15
8085 13
8086 13
8087 20
8088 10
8089 17
8090 8
8091 16
8092 15
8093 12
8094 11
8095 10
8096 9
8097 16
8098 7
8099 17
8100 7
8101 8
8102 15
8103 15
8104 14
8105 16
8106 6
8107 14
8108 7
8109 7
8110 17
8111 8
8112 7
8113 16
8114 15
8115 9
8116 4
8117 12
8118 6
8119 7
8120 9
8121 5
8122 12
8123 7
8124 7
8125 6
8126 7
8127 11
8128 9
8129 10
8130 8
8131 7
8132 13
8133 4
8134 11
8135 7
8136 7
8137 8
8138 14
8139 10
8140 8
8141 13
8142 13
8143 12
8144 11
8145 15
8146 14
8147 15
8148 14
8149 17
8150 11
8151 20
8152 11
8153 12
8154 18
8155 9
8156 20
8157 5
8158 11
8159 18
8160 15
8161 17
8162 12
8163 11
8164 12
8165 11
8166 13
8167 13
8168 12
8169 10
8170 12
8171 16
8172 19
8173 18
8174 14
8175 18
8176 16
8177 17
8178 10
8179 12
8180 11
8181 11
8182 12
8183 6
8184 7
8185 12
8186 4
8187 9
8188 7
8189 11
8190 16
8191 17
8192 15
8193 15
8194 17
8195 7
8196 11
8197 9
8198 8
8199 16
8200 7
8201 12
8202 8
8203 12
8204 11
8205 12
8206 13
8207 11
8208 12
8209 5
8210 6
8211 11
8212 11
8213 6
8214 9
8215 10
8216 13
8217 11
8218 9
8219 16
8220 8
8221 8
8222 11
8223 6
8224 3
8225 7
8226 12
8227 10
8228 8
8229 10
8230 9
8231 12
8232 10
8233 9
8234 9
8235 3
8236 10
8237 6
8238 9
8239 9
8240 3
8241 8
8242 5
8243 8
8244 12
8245 9
8246 7
8247 11
8248 9
8249 6
8250 13
8251 11
8252 14
8253 11
8254 11
8255 3
8256 17
8257 9
8258 11
8259 11
8260 12
8261 13
8262 9
8263 7
8264 14
8265 18
8266 9
8267 11
8268 5
8269 13
8270 11
8271 9
8272 11
8273 8
8274 10
8275 5
8276 8
8277 7
8278 12
8279 16
8280 9
8281 5
8282 8
8283 11
8284 11
8285 20
8286 9
8287 10
8288 13
8289 16
8290 6
8291 12
8292 12
8293 10
8294 12
8295 15
8296 16
8297 12
8298 20
8299 16
8300 16
8301 11
8302 18
8303 12
8304 14
8305 16
8306 14
8307 19
8308 14
8309 12
8310 16
8311 6
8312 24
8313 20
8314 20
8315 15
8316 16
8317 9
8318 14
8319 16
8320 14
8321 15
8322 14
8323 10
8324 9
8325 18
8326 10
8327 11
8328 18
8329 18
8330 15
8331 9
8332 14
8333 12
8334 15
8335 16
8336 14
8337 22
8338 13
8339 11
8340 13
8341 11
8342 13
8343 5
8344 14
8345 14
8346 10
8347 10
8348 13
8349 18
8350 6
8351 18
8352 15
8353 13
8354 17
8355 12
8356 18
8357 10
8358 20
8359 19
8360 18
8361 15
8362 12
8363 11
8364 13
8365 19
8366 15
8367 16
8368 21
8369 16
8370 13
8371 9
8372 5
8373 16
8374 13
8375 9
8376 12
8377 13
8378 16
8379 13
8380 16
8381 11
8382 8
8383 20
8384 6
8385 9
8386 7
8387 10
8388 16
8389 9
8390 12
8391 9
8392 14
8393 16
8394 15
8395 12
8396 12
8397 14
8398 14
8399 15
8400 18
8401 11
8402 14
8403 14
8404 15
8405 12
8406 15
8407 14
8408 16
8409 11
8410 22
8411 15
8412 15
8413 19
8414 12
8415 8
8416 15
8417 14
8418 14
8419 21
8420 15
8421 18
8422 13
8423 20
8424 15
8425 21
8426 18
8427 17
8428 25
8429 12
8430 19
8431 11
8432 11
8433 18
8434 24
8435 20
8436 15
8437 18
8438 20
8439 16
8440 19
8441 25
8442 17
8443 12
8444 14
8445 12
8446 20
8447 12
8448 16
8449 13
8450 13
8451 13
8452 13
8453 15
8454 17
8455 14
8456 16
8457 16
8458 16
8459 10
8460 16
8461 11
8462 13
8463 20
8464 14
8465 15
8466 16
8467 12
8468 14
8469 14
8470 16
8471 26
8472 17
8473 11
8474 12
8475 17
8476 22
8477 18
8478 19
8479 21
8480 23
8481 17
8482 13
8483 16
8484 16
8485 18
8486 22
8487 24
8488 22
8489 19
8490 16
8491 16
8492 23
8493 16
8494 23
8495 16
8496 13
8497 17
8498 11
8499 6
8500 21
8501 7
8502 14
8503 12
8504 16
8505 18
8506 15
8507 12
8508 9
8509 16
8510 16
8511 23
8512 10
8513 10
8514 16
8515 14
8516 15
8517 10
8518 17
8519 12
8520 22
8521 14
8522 12
8523 15
8524 12
8525 18
8526 13
8527 13
8528 7
8529 5
8530 4
8531 14
8532 10
8533 11
8534 11
8535 11
8536 12
8537 13
8538 14
8539 16
8540 6
8541 19
8542 14
8543 15
8544 5
8545 13
8546 8
8547 11
8548 16
8549 12
8550 10
8551 12
8552 11
8553 9
8554 11
8555 12
8556 14
8557 14
8558 15
8559 20
8560 19
8561 22
8562 19
8563 11
8564 21
8565 10
8566 16
8567 12
8568 17
8569 10
8570 19
8571 9
8572 9
8573 14
8574 10
8575 16
8576 14
8577 15
8578 15
8579 10
8580 19
8581 15
8582 16
8583 19
8584 14
8585 17
8586 15
8587 17
8588 21
8589 18
8590 13
8591 17
8592 16
8593 19
8594 9
8595 14
8596 16
8597 21
8598 11
8599 13
8600 21
8601 19
8602 28
8603 10
8604 19
8605 17
8606 21
8607 12
8608 19
8609 18
8610 14
8611 15
8612 19
8613 16
8614 11
8615 19
8616 13
8617 14
8618 12
8619 19
8620 16
8621 22
8622 20
8623 17
8624 11
8625 15
8626 12
8627 15
8628 16
8629 9
8630 17
8631 16
8632 13
8633 6
8634 14
8635 17
8636 17
8637 13
8638 15
8639 17
8640 12
8641 15
8642 16
8643 13
8644 21
8645 15
8646 14
8647 10
8648 14
8649 11
8650 18
8651 19
8652 17
8653 13
8654 8
8655 14
8656 16
8657 13
8658 12
8659 11
8660 18
8661 20
8662 21
8663 13
8664 17
8665 11
8666 17
8667 22
8668 18
8669 13
8670 8
8671 17
8672 18
8673 16
8674 17
8675 18
8676 17
8677 16
8678 19
8679 18
8680 13
8681 14
8682 15
8683 7
8684 9
8685 11
8686 16
8687 17
8688 11
8689 8
8690 14
8691 13
8692 11
8693 11
8694 16
8695 15
8696 9
8697 8
8698 13
8699 19
8700 15
8701 14
8702 20
8703 19
8704 21
8705 19
8706 17
8707 16
8708 14
8709 15
8710 18
8711 22
8712 13
8713 17
8714 11
8715 15
8716 13
8717 14
8718 17
8719 12
8720 8
8721 20
8722 13
8723 10
8724 15
8725 22
8726 8
8727 10
8728 11
8729 18
8730 13
8731 18
8732 11
8733 15
8734 10
8735 18
8736 8
8737 7
8738 13
8739 11
8740 9
8741 20
8742 17
8743 16
8744 17
8745 16
8746 15
8747 11
8748 24
8749 17
8750 10
8751 13
8752 22
8753 21
8754 22
8755 19
8756 26
8757 20
8758 25
8759 11
8760 23
8761 18
8762 12
8763 15
8764 17
8765 16
8766 21
8767 14
8768 22
8769 20
8770 16
8771 18
8772 20
8773 18
8774 19
8775 21
8776 16
8777 22
8778 12
8779 11
8780 17
8781 14
8782 16
8783 14
8784 24
8785 16
8786 12
8787 16
8788 21
8789 25
8790 21
8791 25
8792 12
8793 18
8794 19
8795 22
8796 22
8797 15
8798 13
8799 18
8800 15
8801 13
8802 16
8803 16
8804 10
8805 18
8806 18
8807 18
8808 15
8809 18
8810 12
8811 17
8812 15
8813 12
8814 21
8815 23
8816 27
8817 27
8818 21
8819 15
8820 21
8821 24
8822 16
8823 19
8824 20
8825 11
8826 22
8827 15
8828 24
8829 16
8830 21
8831 11
8832 18
8833 11
8834 23
8835 17
8836 12
8837 19
8838 18
8839 21
8840 8
8841 15
8842 15
8843 18
8844 14
8845 22
8846 21
8847 20
8848 13
8849 22
8850 18
8851 12
8852 15
8853 28
8854 19
8855 26
8856 16
8857 14
8858 18
8859 15
8860 15
8861 24
8862 10
8863 13
8864 13
8865 14
8866 16
8867 19
8868 19
8869 18
8870 18
8871 24
8872 17
8873 23
8874 16
8875 13
8876 20
8877 10
8878 17
8879 24
8880 15
8881 21
8882 19
8883 9
8884 18
8885 19
8886 20
8887 15
8888 21
8889 24
8890 21
8891 28
8892 26
8893 28
8894 28
8895 25
8896 28
8897 29
8898 25
8899 33
8900 27
8901 26
8902 24
8903 33
8904 17
8905 28
8906 32
8907 32
8908 30
8909 26
8910 31
8911 30
8912 30
8913 19
8914 25
8915 21
8916 39
8917 29
8918 26
8919 23
8920 15
8921 33
8922 30
8923 24
8924 25
8925 17
8926 27
8927 20
8928 26
8929 27
8930 25
8931 13
8932 22
8933 20
8934 18
8935 17
8936 23
8937 26
8938 23
8939 20
8940 16
8941 23
8942 17
8943 15
8944 19
8945 27
8946 17
8947 20
8948 25
8949 20
8950 17
8951 12
8952 18
8953 19
8954 23
8955 14
8956 22
8957 26
8958 30
8959 22
8960 19
8961 18
8962 11
8963 18
8964 16
8965 13
8966 16
8967 20
8968 19
8969 13
8970 22
8971 9
8972 15
8973 14
8974 32
8975 19
8976 19
8977 25
8978 25
8979 26
8980 28
8981 19
8982 19
8983 21
8984 21
8985 21
8986 11
8987 20
8988 17
8989 20
8990 19
8991 20
8992 23
8993 17
8994 24
8995 20
8996 19
8997 29
8998 20
8999 21
9000 29
9001 14
9002 22
9003 25
9004 17
9005 20
9006 24
9007 18
9008 20
9009 31
9010 30
9011 27
9012 24
9013 15
9014 18
9015 32
9016 30
9017 20
9018 22
9019 30
9020 23
9021 17
9022 24
9023 22
9024 26
9025 29
9026 21
9027 27
9028 25
9029 15
9030 26
9031 21
9032 18
9033 25
9034 20
9035 30
9036 24
9037 26
9038 27
9039 28
9040 22
9041 17
9042 14
9043 18
9044 22
9045 14
9046 20
9047 23
9048 17
9049 23
9050 25
9051 23
9052 26
9053 24
9054 23
9055 27
9056 22
9057 28
9058 23
9059 37
9060 35
9061 31
9062 27
9063 36
9064 30
9065 25
9066 18
9067 16
9068 32
9069 21
9070 19
9071 27
9072 23
9073 26
9074 25
9075 28
9076 24
9077 31
9078 27
9079 23
9080 19
9081 31
9082 33
9083 29
9084 34
9085 24
9086 23
9087 28
9088 37
9089 29
9090 30
9091 35
9092 26
9093 38
9094 27
9095 25
9096 26
9097 29
9098 21
9099 20
9100 20
9101 20
9102 24
9103 27
9104 35
9105 21
9106 24
9107 27
9108 27
9109 31
9110 24
9111 22
9112 28
9113 31
9114 22
9115 20
9116 24
9117 42
9118 22
9119 32
9120 41
9121 22
9122 26
9123 22
9124 29
9125 16
9126 21
9127 25
9128 26
9129 23
9130 26
9131 27
9132 23
9133 21
9134 24
9135 20
9136 29
9137 27
9138 25
9139 28
9140 22
9141 22
9142 29
9143 27
9144 27
9145 24
9146 33
9147 28
9148 27
9149 21
9150 26
9151 39
9152 23
9153 30
9154 31
9155 29
9156 24
9157 26
9158 27
9159 24
9160 23
9161 22
9162 29
9163 25
9164 28
9165 30
9166 28
9167 23
9168 30
9169 21
9170 27
9171 21
9172 25
9173 28
9174 28
9175 27
9176 24
9177 22
9178 18
9179 19
9180 18
9181 31
9182 22
9183 20
9184 14
9185 24
9186 23
9187 28
9188 19
9189 18
9190 26
9191 19
9192 27
9193 23
9194 19
9195 17
9196 15
9197 25
9198 16
9199 23
9200 18
9201 18
9202 24
9203 19
9204 16
9205 25
9206 17
9207 19
9208 20
9209 17
9210 18
9211 24
9212 24
9213 16
9214 16
9215 26
9216 18
9217 16
9218 10
9219 26
9220 22
9221 17
9222 19
9223 16
9224 16
9225 11
9226 19
9227 22
9228 16
9229 18
9230 12
9231 11
9232 18
9233 16
9234 14
9235 13
9236 12
9237 15
9238 18
9239 13
9240 20
9241 20
9242 16
9243 18
9244 11
9245 14
9246 17
9247 21
9248 16
9249 17
9250 8
9251 13
9252 12
9253 15
9254 14
9255 10
9256 18
9257 7
9258 9
9259 9
9260 22
9261 16
9262 20
9263 12
9264 14
9265 10
9266 15
9267 17
9268 10
9269 9
9270 13
9271 13
9272 12
9273 23
9274 16
9275 15
9276 17
9277 11
9278 16
9279 14
9280 17
9281 25
9282 20
9283 16
9284 33
9285 28
9286 25
9287 22
9288 22
9289 22
9290 11
9291 19
9292 20
9293 16
9294 19
9295 32
9296 16
9297 19
9298 19
9299 22
9300 23
9301 21
9302 20
9303 31
9304 26
9305 19
9306 21
9307 12
9308 18
9309 19
9310 19
9311 25
9312 24
9313 14
9314 31
9315 10
9316 18
9317 18
9318 18
9319 15
9320 18
9321 22
9322 24
9323 15
9324 10
9325 15
9326 22
9327 8
9328 23
9329 15
9330 19
9331 9
9332 17
9333 21
9334 15
9335 10
9336 16
9337 20
9338 13
9339 25
9340 17
9341 25
9342 19
9343 22
9344 22
9345 21
9346 23
9347 18
9348 16
9349 13
9350 12
9351 16
9352 22
9353 15
9354 18
9355 13
9356 24
9357 15
9358 21
9359 16
9360 6
9361 17
9362 17
9363 24
9364 15
9365 13
9366 22
9367 14
9368 13
9369 14
9370 10
9371 12
9372 17
9373 14
9374 4
9375 17
9376 14
9377 15
9378 14
9379 9
9380 12
9381 15
9382 11
9383 10
9384 16
9385 13
9386 19
9387 8
9388 12
9389 13
9390 12
9391 7
9392 13
9393 11
9394 9
9395 4
9396 14
9397 8
9398 15
9399 10
9400 11
9401 7
9402 8
9403 8
9404 5
9405 6
9406 6
9407 11
9408 4
9409 8
9410 6
9411 8
9412 4
9413 8
9414 7
9415 10
9416 6
9417 7
9418 6
9419 11
9420 8
9421 6
9422 5
9423 11
9424 5
9425 3
9426 4
9427 7
9428 4
9429 5
9430 11
9431 5
9432 4
9433 6
9434 4
9435 4
9436 13
9437 6
9438 9
9439 4
9440 7
9441 5
9442 5
9443 4
9444 1
9445 3
9446 7
9447 4
9448 9
9449 5
9450 5
9451 8
9452 5
9453 3
9454 7
9455 4
9456 6
9457 5
9458 1
9460 4
9461 4
9462 8
9463 6
9464 6
9465 2
9466 4
9467 9
9468 4
9469 3
9470 1
9471 6
9472 5
9473 3
9474 2
9475 4
9476 5
9477 6
9478 5
9479 6
9480 5
9481 1
9482 1
9483 3
9484 4
9485 3
9486 5
9487 6
9488 2
9489 1
9490 11
9491 5
9492 7
9493 2
9494 3
9495 5
9496 2
9497 3
9498 2
9499 4
9500 5
9501 3
9502 2
9503 1
9504 3
9505 5
9506 3
9507 2
9508 3
9509 4
9510 2
9511 5
9512 5
9513 4
9514 4
9515 3
9516 6
9517 3
9518 7
9519 4
9520 7
9521 5
9522 7
9523 1
9524 2
9525 3
9526 4
9527 5
9528 2
9529 7
9530 3
9531 12
9532 3
9533 4
9534 4
9535 5
9536 3
9537 6
9538 3
9539 9
9540 6
9541 6
9542 7
9543 2
9544 5
9545 3
9546 3
9547 9
9548 6
9549 2
9550 3
9551 1
9552 5
9553 4
9554 5
9555 2
9556 4
9557 2
9558 6
9559 3
9560 6
9561 4
9562 4
9563 3
9564 7
9565 4
9566 7
9567 1
9568 4
9569 5
9570 5
9571 8
9572 8
9573 3
9574 7
9575 5
9576 4
9578 2
9579 3
9580 7
9581 9
9582 4
9583 8
9584 3
9585 4
9586 2
9587 3
9588 4
9589 5
9590 3
9591 6
9592 6
9593 4
9594 7
9595 4
9596 1
9597 5
9599 4
9601 1
9602 4
9603 2
9604 5
9605 5
9606 3
9607 6
9608 1
9609 1
9610 6
9611 3
9612 3
9613 2
9614 4
9615 8
9616 10
9617 5
9618 7
9619 3
9620 5
9621 4
9622 5
9623 1
9624 4
9625 4
9626 7
9627 5
9628 6
9629 4
9630 3
9631 11
9632 4
9633 1
9634 4
9635 2
9636 4
9637 2
9638 4
9639 7
9640 5
9641 3
9642 5
9643 4
9644 4
9645 2
9646 5
9647 5
9648 8
9649 2
9650 2
9651 4
9652 3
9653 4
9654 5
9655 3
9656 4
9657 3
9658 3
9659 1
9660 3
9661 3
9662 4
9663 7
9664 6
9665 4
9666 5
9667 3
9668 4
9670 2
9671 4
9672 5
9673 3
9674 4
9675 3
9676 5
9677 2
9678 5
9679 3
9680 4
9681 5
9682 2
9683 1
9684 1
9685 6
9686 2
9687 5
9688 2
9689 3
9691 2
9692 1
9693 4
9694 5
9695 3
9696 2
9697 2
9698 4
9699 5
9700 6
9701 6
9702 7
9703 3
9704 1
9705 4
9706 4
9707 8
9708 5
9709 8
9710 5
9711 3
9712 5
9713 9
9714 7
9715 6
9716 7
9717 8
9718 6
9719 3
9720 6
9721 7
9722 9
9723 5
9724 5
9725 4
9726 1
9727 5
9728 5
9729 3
9730 2
9731 3
9732 1
9733 4
9734 3
9736 4
9737 4
9738 4
9739 3
9740 1
9741 7
9742 6
9743 3
9744 3
9745 5
9746 3
9747 9
9748 9
9749 4
9750 8
9751 6
9752 3
9753 3
9754 6
9755 11
9756 4
9757 7
9758 5
9759 11
9760 5
9761 5
9762 7
9763 4
9764 2
9765 6
9766 8
9767 6
9768 3
9769 2
9770 5
9771 8
9772 7
9773 3
9774 4
9775 4
9776 2
9777 4
9778 4
9779 4
9780 2
9781 3
9782 2
9783 6
9784 6
9785 4
9786 3
9787 6
9788 3
9789 5
9790 1
9791 3
9792 5
9793 5
9794 5
9795 5
9796 2
9797 6
9798 7
9799 3
9800 4
9801 9
9802 13
9803 3
9804 4
9805 8
9806 8
9807 11
9808 10
9809 7
9810 5
9811 5
9812 5
9813 10
9814 7
9815 7
9816 9
9817 4
9818 6
9819 5
9820 5
9821 2
9822 5
9823 7
9824 6
9825 6
9826 7
9827 7
9828 7
9829 11
9830 5
9831 2
9832 8
9833 2
9834 7
9835 11
9836 5
9837 2
9838 4
9839 10
9840 6
9841 8
9842 7
9843 12
9845 5
9846 4
9847 3
9848 1
9849 8
9850 4
9851 3
9852 2
9853 2
9854 5
9855 3
9856 5
9857 5
9858 4
9859 5
9860 7
9861 3
9862 9
9863 4
9864 6
9865 6
9866 2
9867 2
9868 2
9869 4
9870 3
9871 3
9872 5
9873 2
9874 7
9875 5
9876 3
9877 3
9878 2
9879 5
9880 6
9881 4
9882 4
9883 5
9884 3
9885 1
9886 4
9887 5
9888 3
9889 3
9890 4
9891 7
9892 3
9893 2
9894 3
9896 6
9897 4
9898 4
9899 2
9900 4
9901 3
9902 2
9903 6
9904 6
9905 1
9906 4
9907 10
9908 5
9909 8
9910 6
9911 5
9912 5
9913 5
9914 5
9915 7
9916 4
9917 4
9918 4
9919 10
9920 5
9921 12
9922 5
9923 5
9924 6
9925 7
9926 3
9927 5
9928 6
9929 9
9930 5
9931 3
9932 2
9933 3
9935 8
9936 9
9937 4
9938 5
9939 7
9940 2
9941 4
9942 4
9943 6
9944 4
9945 3
9946 2
9947 2
9948 2
9949 5
9950 10
9951 7
9952 7
9953 7
9954 11
9955 3
9956 3
9957 3
9958 6
9959 10
9960 4
9961 3
9962 4
9963 5
9964 2
9965 2
9966 5
9967 2
9968 10
9969 7
9970 4
9971 10
9972 2
9973 7
9974 3
9975 3
9976 5
9977 4
9978 5
9979 7
9980 5
9981 4
9982 6
9983 2
9984 7
9985 6
9986 4
9987 4
9988 7
9989 12
9990 12
9991 1
9992 2
9993 3
9994 7
9995 9
9996 6
9997 6
9998 7
9999 8
10000 5
10001 39880
